
21067,8.37443787e-06
21925,1.67488757e-05
26331,0.00139853112
26743,0.00140690556
26744,0.00238671479
27014,0.00239508923
27046,0.00240346367
27156,0.00241183811
27168,0.00242021254
27172,0.00389411361
27502,0.0041788445
27504,0.00418721893
27505,0.00452219645
27537,0.00473993183
27550,0.00474830627
27591,0.00526752142
27592,0.00573648994
27593,0.00574486438
27604,0.00575323881
27631,0.00609659077
27632,0.0061049652
27634,0.00753699408
27690,0.00754536852
27694,0.00755374296
27697,0.00756211739
27722,0.00819857467
27803,0.00820694911
27804,0.00821532355
27806,0.00822369798
27807,0.00824044686
27808,0.0082488213
27875,0.00825719574
27916,0.0105434173
28014,0.0105517917
28015,0.0105601661
28016,0.0105685406
28055,0.0114813543
28056,0.0117325875
28060,0.0137592014
28061,0.013943439
28068,0.0148143806
28185,0.0148311295
28187,0.0148395039
28192,0.0155764544
28349,0.0155848289
28359,0.0155932033
28472,0.0156015777
28643,0.0156936966
28663,0.0157439432
28895,0.0158695598
28919,0.01698336
28975,0.0183065212
29026,0.0183316445
29117,0.0183400189
29213,0.0183567678
29216,0.0183651422
29294,0.0183735167
29357,0.0184237633
29476,0.0184321377
29515,0.018532631
29535,0.0187754897
29558,0.0188089874
29578,0.0188173619
29620,0.0196213079
29639,0.0196715545
29641,0.019679929
29642,0.0196883034
29645,0.0206011172
29647,0.0213129444
29648,0.0216060497
29670,0.0218740317
29691,0.022108516
29764,0.0239006457
29773,0.023925769
29802,0.0239341434
29826,0.0241183811
30044,0.0241267555
30096,0.0242021254
30097,0.0258100175
30100,0.0295282679
30101,0.0304997027
30102,0.0313120232
30130,0.0313203976
30298,0.031672124
30305,0.0337071124
30306,0.0337238613
30500,0.0340672132
30553,0.0341425832
30565,0.0343016975
30581,0.0361608227
30597,0.0362948137
30689,0.0364958002
30690,0.0365041747
30691,0.0373667418
30693,0.037601226
30810,0.0379362035
30812,0.0380199479
30846,0.0381036923
33759,0.0382460577
33760,0.0394017302
33803,0.0394101046
33804,0.039418479
33817,0.0416209562
33932,0.042592391
33933,0.0426007654
33960,0.0435805747
33961,0.0435889491
33962,0.0435973235
33963,0.043664319
33983,0.0440662921
34047,0.0442002831
34055,0.0463525136
34056,0.0475584326
34089,0.0482870087
34153,0.0495850466
34158,0.0506402258
34177,0.0518461448
34180,0.0518545193
34182,0.0518963915
34189,0.0519047659
34192,0.0570885429
34267,0.057147164
34297,0.0574235204
34306,0.0584870741
34532,0.0586713117
34533,0.058964417
34540,0.0613092596
34541,0.0620378357
34542,0.065429483
34543,0.0655634741
34688,0.0672383616
34695,0.0701024194
34767,0.0701107938
34792,0.0701359171
34794,0.0703285292
34795,0.0745492459
34796,0.0745659948
34797,0.0758221604
34800,0.0785689761
34818,0.0788872047
34834,0.0788955791
34879,0.0805453434
34954,0.080804951
35039,0.0823960942
35080,0.0824044686
35139,0.0854778873
35173,0.0858882348
35174,0.0859049836
35185,0.0861813401
35201,0.0867675507
35262,0.0885010594
35263,0.0926464061
35332,0.0926547805
35624,0.092663155
36047,0.0926715294
36218,0.0937602063
36240,0.0937685808
36299,0.0941119327
36300,0.0942626726
36301,0.0947818878
36302,0.0984666404
36307,0.0984750149
36353,0.0984833893
36354,0.0984917637
36404,0.0988351157
36417,0.0991868421
36440,0.0991952165
36520,0.10271248
36521,0.103977021
36567,0.107226302
36568,0.109805629
36569,0.110927804
36671,0.111036672
36675,0.113197277
36720,0.113406638
36721,0.113423386
36722,0.121697331
36723,0.12209093
36724,0.122476154
37150,0.123045616
37155,0.123221479
37415,0.123238228
37416,0.123246602
37425,0.1232801
37507,0.128229393
37524,0.131143697
37604,0.131654538
37608,0.131822026
37613,0.13184715
37655,0.131855524
37678,0.131863899
37826,0.131872273
37950,0.131880648
37951,0.131897396
38048,0.132860457
38070,0.134258988
38110,0.134895445
38111,0.13564077
38173,0.139124536
38251,0.139132911
38363,0.140070848
38364,0.140975287
38365,0.140983661
38402,0.144651665
38403,0.159591662
38406,0.161760642
38415,0.163376908
38416,0.164130608
38522,0.166341459
38523,0.166676437
38524,0.168502064
38525,0.169448376
38604,0.172329182
38696,0.173451357
38697,0.173560225
38698,0.17534398
40022,0.175352354
40463,0.175360729
42264,0.175369103
42324,0.175377478
42496,0.175385852
43875,0.175394227
43951,0.175402601
44088,0.175410976
44198,0.17541935
44889,0.175427724
47364,0.17691
47374,0.176918374
47383,0.177663699
47385,0.179447455
47388,0.179489327
47394,0.179522825
47403,0.180670123
47409,0.180686871
47410,0.180695246
47471,0.181365201
47478,0.182504124
47547,0.18257112
47548,0.182579494
47565,0.182847476
47566,0.184664729
47567,0.185577543
47568,0.185920895
47585,0.185962767
47591,0.185971142
47647,0.186130256
47649,0.18613863
47650,0.186314494
47651,0.186523855
47652,0.18659085
47653,0.186607599
47667,0.186624348
47681,0.186682969
47719,0.186850458
47725,0.187160312
47735,0.187671153
47796,0.187679527
47819,0.187821892
47916,0.187830267
48089,0.187838641
48115,0.188600715
48116,0.188734706
48357,0.190744571
48359,0.190769695
48399,0.191196791
48400,0.191205165
48410,0.191891869
48414,0.191967239
48415,0.191975614
48417,0.193658876
48418,0.194169716
48419,0.194178091
48435,0.194538192
48488,0.198097328
48496,0.198105702
48501,0.198114077
48525,0.198122451
48572,0.198130825
48620,0.198750534
48733,0.199881083
48858,0.200944637
48978,0.202569278
49146,0.202577652
49199,0.202803762
49563,0.202812136
49597,0.204520522
49702,0.204528896
49764,0.20453727
49915,0.2052156
50157,0.206069793
50168,0.206748122
50169,0.207049602
50210,0.207861922
50211,0.207903794
50306,0.209855038
50307,0.209880162
50308,0.210047651
50387,0.21087672
50392,0.210885094
50394,0.210893469
50419,0.210901843
50420,0.210910218
50421,0.210926967
50422,0.210935341
50424,0.21183978
50425,0.212961955
50426,0.213640284
50441,0.216696954
50474,0.216705329
50543,0.218849185
50544,0.218865934
50651,0.218874308
50653,0.218882682
50713,0.218891057
50731,0.218899431
50772,0.218907806
50773,0.223647738
50819,0.223656112
50860,0.224166953
50862,0.224183702
50876,0.224418186
50930,0.224937401
50969,0.225230506
50970,0.225238881
51014,0.227416235
51015,0.227424609
51042,0.227700966
51131,0.228772894
51132,0.228781268
51133,0.228906885
51201,0.228915259
51297,0.231754193
51323,0.231762568
51330,0.232683756
51332,0.232708879
51333,0.23314435
51362,0.233152725
51491,0.233496077
51536,0.23508722
51542,0.235095594
51544,0.235103969
51622,0.235397074
51623,0.235413823
51624,0.237783789
51625,0.238512365
51664,0.241401546
51671,0.241418295
51778,0.241426669
51780,0.241435044
51787,0.241694651
51844,0.241945884
51853,0.242029629
51854,0.243302543
51857,0.243394662
51862,0.245563642
51866,0.264171642
52017,0.264330757
52061,0.265444557
52066,0.265804658
52095,0.270368726
52096,0.273852493
52154,0.273860867
52193,0.273869242
52200,0.27388599
52221,0.274849051
52247,0.274857425
52251,0.2748658
52263,0.275359891
52308,0.27537664
52312,0.277478624
52318,0.277495373
52353,0.281573724
52482,0.281582099
52483,0.281757962
52505,0.281766336
52614,0.281774711
52681,0.281833332
52683,0.281850081
52685,0.281858455
52720,0.28186683
52721,0.282494913
52734,0.28439591
53011,0.284412659
53101,0.286464396
53114,0.286640259
53134,0.286732378
53358,0.287444205
53359,0.287812681
53360,0.292745224
53361,0.292845718
53366,0.294026513
53367,0.294721592
53368,0.295282679
53369,0.295358049
53370,0.299453149
53371,0.300508328
53373,0.30183149
53374,0.305273384
53375,0.307844336
53594,0.310004941
53598,0.310113809
53700,0.311235983
53701,0.31381531
53702,0.317064592
53852,0.317416318
53905,0.317424693
53915,0.317433067
53916,0.317441442
53973,0.31821189
54000,0.318546868
54002,0.319141453
54007,0.320707473
54029,0.320715847
54051,0.321804524
54222,0.321812898
54265,0.322868077
54355,0.322893201
54366,0.322935073
54367,0.323563156
54488,0.324492718
54489,0.324501093
54490,0.325221295
54491,0.325346911
54493,0.325355286
54497,0.325380409
54498,0.326092236
54517,0.326150857
54548,0.326159232
54742,0.327247908
54807,0.327256283
54808,0.327390274
54809,0.328813928
54811,0.330413446
54937,0.33042182
54945,0.331393255
54996,0.331636114
54998,0.331677986
55037,0.331686361
55038,0.331694735
55044,0.332280946
55064,0.33228932
55069,0.332306069
55108,0.332314443
55109,0.332557302
55119,0.332565677
55122,0.333118389
55124,0.3337046
55172,0.33377997
55189,0.333788344
55201,0.333813468
55202,0.334533669
55230,0.335597223
55295,0.335605597
55315,0.335865205
55344,0.336032694
55390,0.337682458
55433,0.337690833
55517,0.337699207
55524,0.337833198
55533,0.337841572
55563,0.337849947
55574,0.340714005
55692,0.341057357
55695,0.341074105
55696,0.342455888
55737,0.343360327
55754,0.343720428
55759,0.34532832
55760,0.345864284
55781,0.345889407
55822,0.345897782
55883,0.346425371
56086,0.347162322
56087,0.347179071
56104,0.347497299
56130,0.352270729
56132,0.352362848
56133,0.352396345
56141,0.35240472
56142,0.353183543
56222,0.354464832
56234,0.356139719
56389,0.356432824
56407,0.356441199
56465,0.357596871
56466,0.359146142
56545,0.362320054
56611,0.362353552
56616,0.363417106
56618,0.363475727
56619,0.364087061
56655,0.364145682
56700,0.36431317
56711,0.364321545
56712,0.36438854
56716,0.364396915
56727,0.364413664
56745,0.365619583
56764,0.366674762
56789,0.367110233
56875,0.367244224
56939,0.368852116
56940,0.371004346
56953,0.371012721
56969,0.371724548
56970,0.373642294
57034,0.373650669
57035,0.37601226
57099,0.376740836
57107,0.376749211
57149,0.376933448
57154,0.377067439
57173,0.377151184
57226,0.377193056
57269,0.377595029
57297,0.378063997
57308,0.378742327
57309,0.378792574
57310,0.379085679
57311,0.379094053
57312,0.379864502
57319,0.379872876
57335,0.37988125
57336,0.382326586
57337,0.38235171
57338,0.382477326
57339,0.382494075
57340,0.38250245
57341,0.382510824
57343,0.382602943
57355,0.382611317
57371,0.384813794
57372,0.385291137
57373,0.387150263
57374,0.388180318
57383,0.389252246
57416,0.389260621
57421,0.393866562
57422,0.394193165
57423,0.394218288
57424,0.394461147
57425,0.409610505
57428,0.4104312
57429,0.417909573
57443,0.418370167
57444,0.421761814
57445,0.42249039
57446,0.4491546
57447,0.452747234
57451,0.473323228
57452,0.474018307
57453,0.476564136
57454,0.478632622
57456,0.485281925
57457,0.485315423
57458,0.486906566
57459,0.487610019
57460,0.49072531
57462,0.490733685
57463,0.492316453
57464,0.502508144
57465,0.507373693
57468,0.512297862
57469,0.512942694
57470,0.515254039
57471,0.515421527
57473,0.516476707
57474,0.520571807
57475,0.520647177
57476,0.521208264
57477,0.521878219
57478,0.523243252
57479,0.523963454
57480,0.523971828
57481,0.526794014
57482,0.526819137
57484,0.527932938
57485,0.52923935
57487,0.530076794
57488,0.533233957
57492,0.539121186
57493,0.540578339
57494,0.556473022
57495,0.56416913
57496,0.566011506
57497,0.570985923
57523,0.571002671
57574,0.571228781
57614,0.57124553
57679,0.571253905
57685,0.571295777
57770,0.572953915
57812,0.573163276
57872,0.575323881
57896,0.575332256
57943,0.576337188
57957,0.576345563
57959,0.576353937
57961,0.578271684
57962,0.580934755
57998,0.581780573
58003,0.581788947
58014,0.583070236
58029,0.583103734
58078,0.584192411
58167,0.584351525
58174,0.586780112
58175,0.586788487
58191,0.586796861
58361,0.587935785
58477,0.588706233
58478,0.588714608
58479,0.589007713
58480,0.589057959
58481,0.592005762
58482,0.594174741
58524,0.594183115
58527,0.59419149
58692,0.594677207
58715,0.594685582
58735,0.594727454
58816,0.594735828
58927,0.594744203
58991,0.595263418
58992,0.597842745
59022,0.597851119
59562,0.597867868
59573,0.597876243
59577,0.597943238
59578,0.597951612
59671,0.598621568
59824,0.600170839
59825,0.601326511
60204,0.603369874
60251,0.605295995
60256,0.607959066
60257,0.609876812
60259,0.609885186
60261,0.609893561
60275,0.610898493
60322,0.610906868
60406,0.611116229
60539,0.611124603
60581,0.611132978
60667,0.612179782
60695,0.612196531
60782,0.615487685
60783,0.619674904
60804,0.623694634
61062,0.623728132
61075,0.624582325
61209,0.624590699
61517,0.624599074
61905,0.625855239
61947,0.626382829
61948,0.626391203
61949,0.627337515
61950,0.627521753
62078,0.627530127
62080,0.628962156
62081,0.634949879
62082,0.637060237
62083,0.637411964
62210,0.638123791
62241,0.638751874
62438,0.64029277
62780,0.641657804
62877,0.643625797
62878,0.644186884
62879,0.647025818
62888,0.648248486
62928,0.648256861
62930,0.64827361
62932,0.648332231
62951,0.650182981
62989,0.651271658
63189,0.652569696
63224,0.654470694
63352,0.654788922
63360,0.655534247
63504,0.655693362
63630,0.65661455
63647,0.657150514
63767,0.657158888
63769,0.657770222
63839,0.657778597
64097,0.658565794
64245,0.658574168
64291,0.658582543
64299,0.660173686
64379,0.66070965
64466,0.662987497
64729,0.663473214
64821,0.663481589
64959,0.66384169
64960,0.663850064
64961,0.664921992
65077,0.664930367
65078,0.667099346
65540,0.66710772
65561,0.667116095
65590,0.667124469
65600,0.667132844
65605,0.667141218
65618,0.667157967
65622,0.667166341
65623,0.667174716
65667,0.667191465
65694,0.667208214
65695,0.667216588
65698,0.667241711
65699,0.667250086
65700,0.66725846
65701,0.667266835
65704,0.667275209
65705,0.668246644
65706,0.668255018
65712,0.668263393
65720,0.668271767
65726,0.668280142
65730,0.668288516
65738,0.670348628
65739,0.670357002
65740,0.670365377
65742,0.670373751
65743,0.6703905
65746,0.670398874
65747,0.670407249
65748,0.670415623
65762,0.670423998
65816,0.670432372
65818,0.670440747
65831,0.670449121
65855,0.670457496
65957,0.67046587
65963,0.670474244
66486,0.670482619
66527,0.672584603
66531,0.672601352
67059,0.672609726
67061,0.672618101
67357,0.672626475
67542,0.675465409
67686,0.675473784
67909,0.675992999
67979,0.67650384
68186,0.676512214
68498,0.676520589
68682,0.685171383
68683,0.685179757
68724,0.685188132
68742,0.685196506
68804,0.685204881
68823,0.685213255
69244,0.685255127
69245,0.686067448
69286,0.686368927
69287,0.687047257
69858,0.688755642
69892,0.688764017
70042,0.688772391
70850,0.688780766
70883,0.68878914
70930,0.688797514
70967,0.692356651
71036,0.692365025
71037,0.692875866
71038,0.694559128
71040,0.694567502
71041,0.694642872
71045,0.695329576
71148,0.69533795
71636,0.695480316
71984,0.696150271
72045,0.696158645
72046,0.696175394
72067,0.696208892
72070,0.697992647
72072,0.698838465
72073,0.699014329
72074,0.699022703
72076,0.700019261
72243,0.700362613
72290,0.700370988
72299,0.700379362
72408,0.702506469
72527,0.702514844
72628,0.702523218
72629,0.702950314
72669,0.702958689
72912,0.70309268
72913,0.703854754
73232,0.703863128
73437,0.703871503
73550,0.70532028
73901,0.705328655
73911,0.707983352
73912,0.70979223
73913,0.710102084
73915,0.716349415
73916,0.716374538
73917,0.718342531
73918,0.722437631
73934,0.722446006
74159,0.722697239
74164,0.722856353
74374,0.722864728
74394,0.723124335
74634,0.72313271
74637,0.723149459
74639,0.723157833
74824,0.723182956
74848,0.723618427
74849,0.72364355
74851,0.724564739
74875,0.7258879
74980,0.725896274
75139,0.726172631
75211,0.726181005
75212,0.72647411
75331,0.726482485
75501,0.726490859
75658,0.72722781
75663,0.727236184
75665,0.727252933
75795,0.728165747
75934,0.730451968
76153,0.730460343
76156,0.730468717
76160,0.730477092
76345,0.732168728
76347,0.732177103
76348,0.732520455
76442,0.733609131
76443,0.735828358
76636,0.735920476
76756,0.736037718
76757,0.736054467
76758,0.736071216
76853,0.736230331
76854,0.737260386
76855,0.738206698
76878,0.738910151
76879,0.73921163
76983,0.739228379
76984,0.741790957
76986,0.742125935
76987,0.742896383
76989,0.743181114
77103,0.743415598
77107,0.744328412
77108,0.744336786
77109,0.744487526
77113,0.745417089
77114,0.745492459
77201,0.74562645
77233,0.745785564
77245,0.745860934
77292,0.745869309
77298,0.74621266
77305,0.746648131
77307,0.748498882
77311,0.749545687
77316,0.749905788
77330,0.7553073
77331,0.757283667
77332,0.758816189
77334,0.759193039
77354,0.759729003
77355,0.760290091
77356,0.76230833
77357,0.762316704
77358,0.762341828
77374,0.76372361
77375,0.763740359
77378,0.764083711
77500,0.764435437
77548,0.766034955
77549,0.767609349
77573,0.767768464
77586,0.76976158
77600,0.769853699
77604,0.771294102
77637,0.771302476
77686,0.771310851
77701,0.772039427
77702,0.778094145
77704,0.778496118
77760,0.778504493
77844,0.78644346
77871,0.787724749
77884,0.788101599
77885,0.792498179
77951,0.793277001
77952,0.793285376
77960,0.793318873
77961,0.793410992
77962,0.793419367
77963,0.793997203
77978,0.794181441
78017,0.795873077
78031,0.7958982
78032,0.795906575
78033,0.795914949
78040,0.797707079
78125,0.798678514
78134,0.798946496
78159,0.799859309
78184,0.800663255
78246,0.800696753
78261,0.802120408
78262,0.802254399
78263,0.802262773
78269,0.802505632
78289,0.802606125
78362,0.807572167
78363,0.809414543
78364,0.815042165
78384,0.81505054
78394,0.815058914
78447,0.815109161
78510,0.815117535
78553,0.815176156
78572,0.815887984
78573,0.815913107
78687,0.815921481
78695,0.816172714
78697,0.816516066
78703,0.817144149
78704,0.817186021
78712,0.817294889
78713,0.817922972
78718,0.817998342
78724,0.818760416
78779,0.818802288
78791,0.818877658
78793,0.818894407
78796,0.819003274
78803,0.819103768
78804,0.819313129
78805,0.820368308
78824,0.820502299
78885,0.821616099
78991,0.821624473
79063,0.822026446
79141,0.82220231
79244,0.822210684
79393,0.822302803
79564,0.822311177
79645,0.822319552
79677,0.822327926
79968,0.823198868
79975,0.823383105
79976,0.826866872
80069,0.826875246
80080,0.826908744
80117,0.826917118
80292,0.828282152
80293,0.828801367
80294,0.828809741
80634,0.828818116
80825,0.829739304
81159,0.830375761
81709,0.832243261
81712,0.832527992
82026,0.832536366
82200,0.83254474
82203,0.832553115
82470,0.833532924
82471,0.833541299
82883,0.835718652
83234,0.835727027
83559,0.835735401
83657,0.835844269
83855,0.835852643
84780,0.836112251
85062,0.836899448
85320,0.836907823
85328,0.838649706
85441,0.839495524
85443,0.83969651
85462,0.840919178
85463,0.842351207
85464,0.842359582
85465,0.843992597
85467,0.847367495
85468,0.848665533
85507,0.850993627
85508,0.851780824
85510,0.851831071
85512,0.852316788
85520,0.853254725
85526,0.853866059
85527,0.854175913
85578,0.855013357
85579,0.855046855
85580,0.855993166
85593,0.856177404
85594,0.857123716
85595,0.85713209
85596,0.85765968
85608,0.858857224
85618,0.859719791
85621,0.860858715
85638,0.861176943
85652,0.861336058
85796,0.862131629
85804,0.862449858
85805,0.862458232
85806,0.862483356
85807,0.86249173
85831,0.863789768
85834,0.86383164
85835,0.863840015
85838,0.863848389
85857,0.86577451
85861,0.865782884
85908,0.865791259
85927,0.866821315
85928,0.866879936
85930,0.867064173
85931,0.867298658
85932,0.867591763
85959,0.868621819
86031,0.869710496
86069,0.871561246
86089,0.87166174
86090,0.872164206
86092,0.873051896
86096,0.873060271
86132,0.874282939
86152,0.875865708
86161,0.876116941
86197,0.878604149
86198,0.878847007
86199,0.878872131
86200,0.882590381
86201,0.883804675
86216,0.883813049
86221,0.889892891
86222,0.88990964
86224,0.889918014
86240,0.891283048
86280,0.891659897
86294,0.891676646
86350,0.892530839
86363,0.892564337
86430,0.894331343
86431,0.894339717
86432,0.894364841
86451,0.895428394
86517,0.897078159
86540,0.897086533
86546,0.897094908
86547,0.897396387
86548,0.898585557
86549,0.898845165
86553,0.898878663
86582,0.900419559
86604,0.902638785
86621,0.903208247
86672,0.903777709
86673,0.90413781
86675,0.904263426
86779,0.904891509
86810,0.905603336
86817,0.905611711
86818,0.905821072
86831,0.905846195
86935,0.907370343
86937,0.907713695
86938,0.909824053
86939,0.910251149
87131,0.910787113
87151,0.910795488
87188,0.910803862
87279,0.910812237
87301,0.911699927
87344,0.911708302
87345,0.911716676
87534,0.911792046
87730,0.912127023
88006,0.912135398
88018,0.912143772
88071,0.913860532
88079,0.91389403
88099,0.916632471
88158,0.916858581
88207,0.917344298
88337,0.917570408
88338,0.919002437
88470,0.919563524
88659,0.919571899
88661,0.919580273
88682,0.922167974
88980,0.922193098
89309,0.922201472
89325,0.924269958
89326,0.924278333
90132,0.924286707
90281,0.924755676
90522,0.92476405
91091,0.924772425
91579,0.924948288
91915,0.924956662
92421,0.924973411
92653,0.926137458
93212,0.927234509
93846,0.927242884
94409,0.927251258
94410,0.927946337
94607,0.928817278
94895,0.929805462
95440,0.930776897
98808,0.930785271
99400,0.930793645
101225,0.93080202
101272,0.930810394
103056,0.930818769
103057,0.930827143
103058,0.930835518
103061,0.930843892
103782,0.930852267
103866,0.930860641
105619,0.930869015
108259,0.93087739
108283,0.930885764
108292,0.930894139
108296,0.930902513
108441,0.930910888
108448,0.930919262
108488,0.930927636
108489,0.930936011
108496,0.930944385
109810,0.93095276
110661,0.930961134
110696,0.930969509
111151,0.930977883
112626,0.930986258
119408,0.930994632
119411,0.931003006
119424,0.931011381
119434,0.931019755
119453,0.931036504
119454,0.931044879
119456,0.931053253
119457,0.931061627
119459,0.931070002
119470,0.931078376
119478,0.931086751
119479,0.931095125
119480,0.9311035
119484,0.931120249
119488,0.931128623
119494,0.931136997
119495,0.931145372
119498,0.931153746
119513,0.931162121
119518,0.931170495
119531,0.931187244
119533,0.931195618
119535,0.931203993
119537,0.931220742
119538,0.931229116
119541,0.931237491
119543,0.931245865
119573,0.93125424
130975,0.931388231
130976,0.931396605
130977,0.933297602
130997,0.935223723
131028,0.935232098
131058,0.937024227
131060,0.93876611
131228,0.939410942
131231,0.939821289
131232,0.939829664
131423,0.940432623
131460,0.942735594
131461,0.944477477
131462,0.945792264
131550,0.945834136
131551,0.945850885
131553,0.946939562
131662,0.948103609
131935,0.94993761
131936,0.949962734
131940,0.949971108
131941,0.951520379
132143,0.951537128
132144,0.951545503
132185,0.9523327
132315,0.952341074
132580,0.956863271
132582,0.956871645
132835,0.956888394
132875,0.957868203
132903,0.957901701
133012,0.957910075
133013,0.95791845
133031,0.958688898
133047,0.95895688
133066,0.959057373
133075,0.959501218
133116,0.961192855
133158,0.962876117
133245,0.962884491
133968,0.96290124
134016,0.963370209
134017,0.965195836
134039,0.965639681
134042,0.965715051
134256,0.966502249
134288,0.966711609
134397,0.96692097
134493,0.967440186
134497,0.967632798
134526,0.967800286
134538,0.969123448
134544,0.969651037
134545,0.971133313
134546,0.972791451
134679,0.974935307
134700,0.977045666
134711,0.978477695
134712,0.979424006
134713,0.981860968
134817,0.981919589
134839,0.981927963
135255,0.982706786
135256,0.982798905
135260,0.984272806
135261,0.984565911
135424,0.984574285
135771,0.98458266
135894,0.984993007
135896,0.985604341
136168,0.985637839
136179,0.986952626
136255,0.986994498
137025,0.987002872
137546,0.987011247
137547,0.9880748
137548,0.988083175
137569,0.989088107
137763,0.991910293
138023,0.992262019
138131,0.992270394
138754,0.992278768
138767,0.992295517
139486,0.992303892
140556,0.992312266
140559,0.99239601
140568,0.992412759
140569,0.992421134
140764,0.99277286
141137,0.993610304
141280,0.993694048
141742,0.993719172
141743,0.994732479
142008,0.994740853
142068,0.994757602
142174,0.995260068
142716,0.995804407
142717,0.995854653
142718,0.995863028
142754,0.995871402
142928,0.996097512
143023,0.996105886
143091,0.996114261
143292,0.996650225
143293,0.997102444
143495,0.998609843
143512,0.999857635
171336,0.999866009
185136,0.999899507
185137,0.999907881
185138,0.999916256
185144,0.99992463
185146,0.999933004
185149,0.999941379
185184,0.999949753
185209,0.999958128
185216,0.999966502
185245,0.999974877
185269,0.999983251
185295,0.999991626
185407,1