
1,0.923039653
2,0.924544224
3,0.925147854
4,0.925839577
5,0.926087836
6,0.926325083
7,0.926521288
8,0.926674448
9,0.9269157
10,0.927060852
11,0.92728909
12,0.927401207
13,0.927501311
14,0.927637454
15,0.927717537
16,0.92774857
17,0.927866693
18,0.927918747
19,0.92797881
20,0.928031865
21,0.928194035
22,0.928233075
23,0.928282127
24,0.928317163
25,0.928385234
26,0.928415266
27,0.928452304
28,0.928476329
29,0.928503358
30,0.928521376
31,0.928548405
32,0.928559416
33,0.928593452
34,0.928615475
35,0.928651512
36,0.928665527
37,0.928693556
38,0.928714578
39,0.928744609
40,0.928760626
41,0.92878365
42,0.928796664
43,0.928819688
44,0.9288317
45,0.928847717
46,0.928858729
47,0.928882754
48,0.928890762
49,0.928904777
50,0.928913786
51,0.928930804
52,0.92893681
53,0.92895583
54,0.928966841
55,0.928986862
56,0.928999876
57,0.929024902
58,0.929034912
59,0.92905193
60,0.92906094
61,0.929075955
62,0.929094975
63,0.929111993
64,0.929127009
65,0.929174058
66,0.929207092
67,0.92925314
68,0.929351243
69,0.929436332
70,0.929474371
71,0.929537437
72,0.929633537
73,0.929744653
74,0.929893809
75,0.930008929
76,0.930140066
77,0.930310244
78,0.930441381
79,0.930599546
80,0.930703655
81,0.930733686
82,0.930753707
83,0.930807763
84,0.930849807
85,0.930892852
86,0.930932894
87,0.930983947
88,0.931038004
89,0.931104073
90,0.931137107
91,0.931163134
92,0.931169141
93,0.931183155
94,0.931230204
95,0.931250225
96,0.931252227
97,0.931261237
98,0.931269245
99,0.931279256
100,0.93128326
101,0.93129327
102,0.931303281
103,0.931318296
104,0.931326305
105,0.93134132
106,0.931349329
107,0.931358338
108,0.931362342
109,0.931367348
110,0.931372353
111,0.931377358
113,0.931381362
114,0.931384365
115,0.931390372
116,0.931392374
117,0.93139838
118,0.931401383
119,0.931406388
120,0.931410392
121,0.931415398
122,0.931416399
123,0.931424407
124,0.93142741
125,0.931431414
126,0.931437421
127,0.931445429
128,0.931447431
129,0.931455439
131,0.931462447
132,0.931464449
133,0.931466451
134,0.931472457
135,0.93147546
136,0.931476461
137,0.931480466
138,0.931483469
139,0.931490476
140,0.931502489
141,0.931507494
142,0.931510497
143,0.931515502
144,0.931516503
145,0.931522509
146,0.931524512
147,0.931529517
148,0.931548537
149,0.931550539
150,0.931556545
151,0.931568558
153,0.931588578
154,0.931592583
155,0.931595586
156,0.931598589
157,0.931601592
158,0.931622614
159,0.931634627
160,0.931661655
161,0.931679674
162,0.931713709
163,0.931742739
164,0.931747745
165,0.931778777
166,0.931784783
167,0.9318008
168,0.931803803
169,0.931807807
170,0.931808808
171,0.931814815
172,0.931816817
173,0.93181982
174,0.931822823
175,0.931825826
176,0.931828829
177,0.931833835
178,0.931836838
179,0.931840842
181,0.931844846
182,0.931846848
183,0.931849851
185,0.931851853
186,0.931852854
187,0.931854856
188,0.931855858
189,0.931856859
191,0.931862865
192,0.931863866
193,0.93186787
194,0.931868871
195,0.931870873
196,0.931873876
197,0.931876879
198,0.931878882
199,0.931883887
200,0.93188689
201,0.931890894
202,0.931893897
203,0.9318969
204,0.931900905
206,0.931904909
207,0.931907912
209,0.931912917
210,0.931914919
211,0.931918923
212,0.931922928
213,0.931923929
214,0.93192493
215,0.931926932
216,0.931929935
217,0.931932938
218,0.931933939
219,0.931935941
220,0.931937943
221,0.931938944
223,0.931944951
224,0.931946953
225,0.931950957
226,0.931954961
227,0.931956963
229,0.931959966
230,0.931961968
231,0.931962969
232,0.931964971
233,0.931969977
235,0.931971979
237,0.931976984
238,0.931979987
239,0.93198299
240,0.931984992
241,0.931986994
243,0.931987995
244,0.931989998
245,0.931992
246,0.931993001
247,0.931994002
248,0.931997005
249,0.93200201
250,0.932005013
251,0.932008016
253,0.93201102
255,0.932015024
256,0.932016025
257,0.932019028
258,0.932020029
259,0.932025034
260,0.932027036
261,0.932030039
262,0.93203104
263,0.932035045
264,0.932036046
267,0.932038048
268,0.932039049
269,0.93204005
270,0.932041051
271,0.932042052
272,0.932046056
273,0.932048058
274,0.93205006
275,0.932055065
276,0.932057068
277,0.93205907
278,0.932061072
279,0.932062073
280,0.932064075
281,0.93206908
282,0.932074085
283,0.932081093
285,0.932084096
286,0.932086098
287,0.932087099
288,0.9320881
289,0.932089101
290,0.932093105
291,0.932094106
292,0.932095107
293,0.932097109
294,0.932101114
295,0.932106119
298,0.932108121
299,0.932112125
301,0.93211713
302,0.932120133
307,0.932124138
309,0.932125139
310,0.93212614
311,0.932127141
313,0.932130144
314,0.932132146
315,0.932135149
317,0.932137151
319,0.932139153
320,0.932140154
321,0.932142156
322,0.932144159
323,0.932147162
326,0.932149164
327,0.932151166
329,0.932154169
330,0.93215517
331,0.932158173
333,0.932160175
334,0.932162177
335,0.932167183
336,0.932168184
337,0.932171187
338,0.932173189
339,0.932176192
340,0.932179195
341,0.9321842
342,0.932188204
343,0.932192209
344,0.932194211
345,0.932196213
346,0.932197214
347,0.932201218
349,0.93220322
351,0.932205222
352,0.932206223
353,0.932210227
354,0.932211229
355,0.932215233
356,0.932216234
359,0.932217235
360,0.932221239
361,0.932226244
362,0.932227245
363,0.932229247
364,0.932230248
365,0.932235254
367,0.932237256
368,0.932240259
369,0.932242261
371,0.932243262
373,0.932247266
374,0.932249268
375,0.932250269
376,0.932252271
378,0.932253272
380,0.932254273
381,0.932258278
383,0.932259279
385,0.93226028
386,0.932265285
387,0.932269289
388,0.93227029
389,0.932276296
390,0.932277297
393,0.932278299
394,0.9322793
395,0.932280301
396,0.932281302
398,0.932283304
399,0.932285306
403,0.932287308
404,0.93228931
405,0.932292313
407,0.932293314
409,0.932294315
410,0.932295316
411,0.932298319
412,0.93229932
413,0.932301323
414,0.932302324
415,0.932304326
417,0.932305327
418,0.932309331
419,0.932311333
420,0.932312334
421,0.932316338
423,0.932317339
425,0.932324347
426,0.932329352
427,0.932334357
428,0.93233736
429,0.932338361
430,0.932339362
432,0.932340363
433,0.932345369
435,0.932348372
436,0.932349373
437,0.932350374
438,0.932351375
441,0.932354378
442,0.932355379
443,0.93235638
444,0.932358382
445,0.932363387
446,0.932365389
447,0.932368393
448,0.932369394
449,0.932374399
450,0.9323754
452,0.932379404
453,0.932383408
454,0.932387412
455,0.932388414
456,0.932389415
457,0.932393419
458,0.93239442
459,0.932396422
461,0.932397423
462,0.932399425
463,0.932400426
465,0.932402428
466,0.932403429
469,0.932405431
471,0.932407433
473,0.932408434
474,0.932409435
475,0.932410436
477,0.932412439
481,0.932416443
482,0.932417444
483,0.932419446
485,0.932421448
486,0.932422449
488,0.93242345
489,0.932426453
491,0.932427454
492,0.932428455
494,0.932429456
495,0.932432459
496,0.932433461
497,0.932434462
499,0.932436464
506,0.932437465
507,0.932440468
511,0.932441469
512,0.93244247
513,0.932443471
515,0.932446474
517,0.932447475
520,0.932448476
521,0.932450478
523,0.932451479
524,0.932453481
525,0.932454482
527,0.932457486
529,0.932460489
530,0.93246149
532,0.932462491
533,0.932465494
537,0.932467496
539,0.932468497
541,0.932470499
543,0.9324715
544,0.932473502
545,0.932475504
547,0.932477507
548,0.932479509
549,0.93248051
551,0.932482512
552,0.932483513
553,0.932486516
561,0.932487517
563,0.932489519
565,0.932491521
567,0.932494524
568,0.932495525
569,0.932497527
570,0.932498528
571,0.932501532
572,0.932502533
573,0.932504535
574,0.932505536
575,0.932507538
577,0.932508539
578,0.93250954
579,0.932510541
580,0.932512543
581,0.932513544
583,0.932514545
585,0.932515546
586,0.932516547
589,0.932517548
595,0.932518549
599,0.932520551
600,0.932522554
601,0.932523555
603,0.93252856
604,0.932531563
606,0.932532564
607,0.932533565
608,0.932534566
610,0.932536568
612,0.932537569
613,0.93253857
616,0.932539571
617,0.932542574
619,0.932545578
622,0.932546579
627,0.932551584
629,0.932552585
631,0.932553586
632,0.932554587
638,0.932555588
639,0.932556589
641,0.93255759
643,0.932559592
644,0.932561594
646,0.932562595
647,0.932564597
650,0.9325666
651,0.932568602
653,0.932569603
654,0.932570604
655,0.932571605
657,0.932572606
662,0.932573607
663,0.932574608
664,0.932575609
666,0.932583617
667,0.932585619
668,0.93258662
669,0.932588623
671,0.932589624
672,0.932590625
674,0.932592627
675,0.932593628
676,0.932603638
677,0.932604639
678,0.93262466
679,0.932629665
680,0.932641678
681,0.932642679
683,0.93264368
684,0.932644681
685,0.932645682
686,0.932646683
687,0.932649686
688,0.932659697
689,0.932661699
690,0.932674712
691,0.932675713
692,0.932689728
693,0.932690729
694,0.93269173
697,0.932696735
698,0.932697736
699,0.932698737
703,0.932699739
704,0.93270074
711,0.932702742
712,0.932703743
713,0.932704744
717,0.932706746
720,0.932707747
721,0.93271075
722,0.932711751
723,0.932712752
724,0.932713753
725,0.932714754
727,0.932717757
728,0.932718758
732,0.93272076
733,0.932721762
735,0.932723764
738,0.932724765
741,0.932726767
742,0.932727768
743,0.932728769
745,0.93272977
747,0.932730771
748,0.932731772
750,0.932732773
753,0.932733774
755,0.932735776
756,0.932736777
759,0.932738779
761,0.932742783
764,0.932743785
765,0.932745787
767,0.932747789
769,0.93274879
774,0.932749791
777,0.932750792
778,0.932751793
779,0.932755797
780,0.932756798
781,0.9327588
782,0.932759801
783,0.932762804
786,0.932763805
791,0.932764806
793,0.932765808
795,0.932768811
796,0.932769812
797,0.932770813
798,0.932771814
801,0.932772815
802,0.932774817
803,0.932775818
808,0.932776819
811,0.932778821
813,0.932780823
815,0.932782825
817,0.932783826
819,0.932784827
821,0.932786829
823,0.93278783
824,0.932788832
825,0.932789833
828,0.932790834
829,0.932791835
831,0.932792836
832,0.932793837
833,0.932794838
834,0.932795839
835,0.93279684
838,0.932797841
841,0.932798842
842,0.932799843
848,0.932800844
849,0.932803847
850,0.932804848
851,0.93280685
853,0.932810855
854,0.932811856
855,0.932812857
856,0.932814859
858,0.93281586
860,0.932816861
861,0.932817862
863,0.932820865
865,0.932821866
867,0.932822867
868,0.932823868
870,0.93282587
871,0.932827872
872,0.932828873
873,0.932829874
874,0.932830875
875,0.932831876
877,0.932832878
879,0.932835881
881,0.932839885
883,0.932841887
885,0.93284489
888,0.932845891
889,0.932849895
891,0.932850896
892,0.932853899
893,0.932855902
897,0.932856903
898,0.932857904
899,0.932859906
900,0.932860907
903,0.932864911
906,0.932866913
908,0.932868915
911,0.932869916
915,0.932870917
916,0.932872919
919,0.93287392
920,0.932874921
921,0.932875922
923,0.932876924
925,0.932881929
926,0.93288293
929,0.932883931
932,0.932884932
933,0.932885933
936,0.932886934
938,0.932887935
941,0.932888936
943,0.932891939
945,0.93289294
949,0.932893941
951,0.932894942
953,0.932896944
955,0.932899948
957,0.93290195
958,0.932902951
961,0.932907956
962,0.932908957
965,0.932909958
967,0.93291196
968,0.932913962
970,0.932915964
973,0.932917966
975,0.932918967
979,0.932921971
980,0.932922972
981,0.932924974
984,0.932925975
987,0.932927977
989,0.932928978
991,0.93293098
993,0.932931981
997,0.932933983
999,0.932934984
1000,0.932935985
1001,0.932939989
1003,0.932943994
1007,0.932945996
1008,0.932947998
1011,0.93295
1012,0.932951001
1013,0.932952002
1014,0.932953003
1015,0.932954004
1017,0.932958008
1019,0.932959009
1021,0.93296001
1027,0.932961011
1028,0.932962012
1029,0.932965015
1030,0.932966017
1031,0.932968019
1033,0.93296902
1035,0.932970021
1040,0.932971022
1041,0.932972023
1044,0.932973024
1048,0.932974025
1049,0.932975026
1050,0.932976027
1051,0.932978029
1052,0.93297903
1053,0.932981032
1055,0.932982033
1064,0.932984035
1065,0.932985036
1068,0.932987038
1069,0.93298804
1070,0.932989041
1073,0.932990042
1078,0.932991043
1080,0.932992044
1081,0.932994046
1082,0.932995047
1085,0.932996048
1087,0.933000052
1089,0.933002054
1091,0.933003055
1096,0.933004056
1097,0.933005057
1101,0.933006058
1102,0.933007059
1104,0.93300806
1105,0.933009061
1107,0.933010063
1108,0.933011064
1111,0.933013066
1112,0.933014067
1113,0.933015068
1116,0.933018071
1120,0.933019072
1121,0.933020073
1126,0.933023076
1128,0.933024077
1130,0.933025078
1132,0.933026079
1133,0.93302708
1134,0.933028081
1141,0.933029082
1142,0.933031084
1144,0.933032085
1145,0.933033087
1151,0.933034088
1159,0.933035089
1161,0.93303609
1163,0.933038092
1170,0.933040094
1173,0.933042096
1174,0.933044098
1175,0.933045099
1176,0.933047101
1179,0.933048102
1180,0.933049103
1182,0.933051105
1184,0.933053107
1186,0.933054108
1187,0.93305511
1189,0.933056111
1190,0.933057112
1191,0.933059114
1194,0.933060115
1195,0.933061116
1196,0.933062117
1198,0.933063118
1199,0.933064119
1200,0.933067122
1201,0.933068123
1208,0.933070125
1210,0.933071126
1215,0.933073128
1217,0.933074129
1218,0.933076131
1223,0.933077133
1224,0.933078134
1227,0.933079135
1233,0.933080136
1236,0.933081137
1243,0.933082138
1245,0.933083139
1246,0.93308414
1247,0.933085141
1248,0.933086142
1249,0.933087143
1252,0.933088144
1255,0.933090146
1261,0.933091147
1265,0.933092148
1267,0.93309415
1268,0.933095151
1271,0.933096152
1274,0.933098154
1275,0.933099156
1278,0.933100157
1279,0.933101158
1287,0.93310316
1288,0.933104161
1289,0.933106163
1293,0.933107164
1296,0.933108165
1297,0.933110167
1299,0.933111168
1304,0.933112169
1305,0.933115172
1307,0.933116173
1318,0.933117174
1321,0.933118175
1323,0.933119176
1325,0.933120177
1331,0.93312218
1333,0.933123181
1335,0.933124182
1336,0.933125183
1337,0.933126184
1340,0.933127185
1343,0.933128186
1344,0.933130188
1345,0.933131189
1348,0.93313219
1349,0.933133191
1354,0.933134192
1357,0.933136194
1359,0.933137195
1362,0.933138196
1366,0.933139197
1367,0.933140198
1369,0.933141199
1372,0.9331422
1373,0.933143202
1375,0.933144203
1379,0.933146205
1381,0.933148207
1386,0.933149208
1390,0.93315121
1391,0.933153212
1395,0.933154213
1398,0.933155214
1402,0.933156215
1403,0.933158217
1405,0.933159218
1410,0.933160219
1418,0.93316122
1423,0.933162221
1424,0.933163222
1427,0.933165224
1428,0.933166226
1429,0.933167227
1430,0.933168228
1433,0.933169229
1435,0.93317023
1436,0.933171231
1437,0.933172232
1440,0.933173233
1443,0.933174234
1444,0.933175235
1445,0.933176236
1446,0.933177237
1447,0.933178238
1449,0.933179239
1451,0.93318024
1452,0.933181241
1454,0.933183243
1456,0.933184244
1457,0.933186246
1459,0.933187247
1460,0.933188249
1462,0.93318925
1463,0.933190251
1465,0.933191252
1472,0.933192253
1478,0.933193254
1479,0.933195256
1480,0.933196257
1481,0.933197258
1482,0.933198259
1491,0.93319926
1494,0.933200261
1495,0.933204265
1498,0.933205266
1499,0.933208269
1500,0.93320927
1501,0.933210272
1505,0.933212274
1509,0.933213275
1512,0.933214276
1515,0.93321828
1517,0.933219281
1518,0.933220282
1520,0.933221283
1523,0.933222284
1527,0.933223285
1529,0.933224286
1533,0.933225287
1534,0.933226288
1536,0.933227289
1537,0.93322829
1541,0.933230292
1542,0.933231293
1543,0.933232295
1545,0.933233296
1546,0.933234297
1549,0.933235298
1552,0.933236299
1558,0.9332373
1559,0.933239302
1562,0.933240303
1563,0.933241304
1564,0.933242305
1566,0.933243306
1567,0.933244307
1573,0.933245308
1575,0.933246309
1579,0.93324731
1581,0.933248311
1584,0.933250313
1587,0.933252315
1589,0.933253316
1595,0.933254318
1596,0.933255319
1597,0.93325632
1599,0.933258322
1601,0.933259323
1604,0.933260324
1607,0.933261325
1610,0.933262326
1613,0.933263327
1615,0.933264328
1617,0.933265329
1621,0.93326633
1624,0.933267331
1625,0.933269333
1633,0.933271335
1637,0.933272336
1639,0.933273337
1641,0.933274338
1643,0.933275339
1648,0.93327634
1649,0.933277342
1650,0.933278343
1653,0.933279344
1661,0.933280345
1663,0.933281346
1667,0.933283348
1672,0.93328535
1675,0.933286351
1681,0.933287352
1682,0.933289354
1686,0.933290355
1691,0.933291356
1692,0.933292357
1695,0.933293358
1697,0.93329536
1700,0.933296361
1702,0.933298363
1708,0.933299365
1714,0.933300366
1715,0.933301367
1718,0.933302368
1721,0.93330437
1722,0.933305371
1723,0.933306372
1727,0.933307373
1729,0.933308374
1733,0.933309375
1740,0.933310376
1741,0.933311377
1743,0.933312378
1745,0.933313379
1746,0.93331438
1747,0.933315381
1748,0.933316382
1749,0.933317383
1750,0.933318384
1753,0.933319385
1761,0.933321388
1766,0.933322389
1771,0.93332339
1773,0.933324391
1775,0.933326393
1778,0.933327394
1788,0.933328395
1789,0.933329396
1795,0.933330397
1797,0.933331398
1799,0.933332399
1800,0.9333334
1804,0.933334401
1806,0.933335402
1813,0.933336403
1815,0.933337404
1817,0.933338405
1821,0.933339406
1822,0.933340407
1825,0.933341408
1827,0.933342409
1832,0.933343411
1835,0.933346414
1841,0.933348416
1849,0.933349417
1854,0.933351419
1857,0.93335242
1862,0.933353421
1863,0.933354422
1865,0.933355423
1875,0.933357425
1880,0.933359427
1882,0.933360428
1887,0.93336243
1888,0.933363431
1889,0.933364432
1892,0.933365434
1894,0.933366435
1895,0.933368437
1897,0.933369438
1903,0.933370439
1905,0.93337144
1907,0.933374443
1915,0.933375444
1919,0.933376445
1920,0.933378447
1932,0.933379448
1933,0.933380449
1937,0.93338145
1939,0.933382451
1941,0.933383452
1945,0.933384453
1951,0.933385454
1952,0.933386455
1953,0.933388458
1956,0.93339046
1962,0.933391461
1967,0.933393463
1977,0.933394464
1987,0.933395465
1988,0.933396466
1993,0.933397467
1995,0.933399469
2000,0.93340047
2008,0.933401471
2010,0.933403473
2015,0.933404474
2017,0.933405475
2020,0.933406476
2021,0.933408478
2024,0.933409479
2032,0.933410481
2043,0.933411482
2053,0.933412483
2066,0.933413484
2071,0.933414485
2087,0.933415486
2088,0.933416487
2090,0.933417488
2117,0.933420491
2131,0.933421492
2132,0.933422493
2135,0.933423494
2143,0.933425496
2149,0.933426497
2153,0.933427498
2157,0.933428499
2167,0.933430501
2185,0.933431502
2196,0.933432504
2211,0.933434506
2224,0.933435507
2225,0.933436508
2235,0.933437509
2236,0.93343851
2240,0.933439511
2244,0.933440512
2247,0.933441513
2249,0.933442514
2253,0.933443515
2258,0.933444516
2263,0.933445517
2271,0.933446518
2276,0.933447519
2278,0.93344852
2279,0.933449521
2280,0.933450522
2285,0.933451523
2291,0.933452524
2293,0.933454527
2301,0.933455528
2303,0.933456529
2307,0.93345753
2308,0.933458531
2318,0.933459532
2322,0.933460533
2327,0.933461534
2329,0.933462535
2338,0.933463536
2355,0.933464537
2359,0.933465538
2371,0.933466539
2374,0.93346754
2385,0.933469542
2402,0.933470543
2408,0.933471544
2453,0.933472545
2461,0.933473546
2465,0.933474547
2472,0.933475548
2486,0.93347655
2499,0.933477551
2505,0.933478552
2510,0.933479553
2522,0.933480554
2526,0.933481555
2537,0.933482556
2540,0.933483557
2541,0.933484558
2545,0.93348656
2563,0.933487561
2573,0.933488562
2577,0.933489563
2588,0.933490564
2611,0.933491565
2612,0.933492566
2629,0.933493567
2645,0.933495569
2647,0.93349657
2653,0.933497571
2658,0.933498573
2664,0.933499574
2682,0.933500575
2684,0.933501576
2693,0.933502577
2721,0.933503578
2728,0.933504579
2731,0.93350558
2733,0.933506581
2737,0.933507582
2747,0.933508583
2755,0.933509584
2765,0.933510585
2767,0.933512587
2768,0.933513588
2770,0.933514589
2773,0.93351559
2776,0.933516591
2777,0.933517592
2788,0.933518593
2791,0.933519594
2793,0.933520596
2798,0.933521597
2799,0.933522598
2804,0.9335246
2816,0.933525601
2817,0.933526602
2820,0.933527603
2822,0.933528604
2825,0.933529605
2858,0.933530606
2861,0.933531607
2863,0.933532608
2865,0.933533609
2867,0.93353461
2880,0.933535611
2898,0.933536612
2901,0.933537613
2914,0.933538614
2923,0.933539615
2933,0.933541617
2944,0.933542618
2952,0.93354362
2984,0.933544621
2994,0.933545622
2999,0.933546623
3004,0.933548625
3006,0.933549626
3024,0.933550627
3052,0.933551628
3053,0.933552629
3055,0.93355363
3074,0.933554631
3091,0.933555632
3100,0.933556633
3101,0.933557634
3103,0.933558635
3109,0.933559636
3112,0.933560637
3114,0.933561638
3138,0.933562639
3139,0.93356364
3146,0.933564641
3147,0.933565643
3157,0.933566644
3184,0.933567645
3186,0.933568646
3187,0.933569647
3189,0.933570648
3203,0.933571649
3204,0.93357265
3205,0.933573651
3207,0.933575653
3208,0.933576654
3209,0.933577655
3217,0.933578656
3229,0.933579657
3231,0.933580658
3243,0.933581659
3244,0.93358266
3251,0.933583661
3253,0.933584662
3273,0.933585663
3274,0.933587666
3276,0.933588667
3277,0.933589668
3288,0.933590669
3291,0.93359167
3295,0.933592671
3300,0.933593672
3308,0.933594673
3315,0.933596675
3327,0.933597676
3329,0.933598677
3336,0.933600679
3337,0.93360168
3342,0.933603682
3351,0.933605684
3356,0.933606685
3386,0.933607686
3389,0.933609689
3392,0.93361069
3418,0.933611691
3422,0.933612692
3436,0.933613693
3450,0.933614694
3457,0.933615695
3465,0.933616696
3473,0.933617697
3483,0.933618698
3485,0.933619699
3486,0.9336207
3491,0.933621701
3493,0.933622702
3502,0.933623703
3503,0.933624704
3518,0.933625705
3528,0.933626706
3531,0.933627707
3534,0.933628708
3541,0.933629709
3542,0.93363071
3548,0.933631712
3554,0.933632713
3575,0.933633714
3580,0.933634715
3585,0.933635716
3614,0.933636717
3616,0.933637718
3624,0.933638719
3631,0.93363972
3632,0.933640721
3647,0.933641722
3650,0.933642723
3662,0.933645726
3672,0.933646727
3674,0.933647728
3678,0.933648729
3681,0.93364973
3692,0.933650731
3705,0.933651732
3745,0.933652733
3749,0.933653734
3751,0.933654736
3769,0.933655737
3777,0.933657739
3791,0.93365874
3820,0.933659741
3841,0.933661743
3848,0.933662744
3852,0.933663745
3858,0.933664746
3859,0.933665747
3867,0.933666748
3873,0.933667749
3888,0.93366875
3889,0.933669751
3893,0.933670752
3904,0.933671753
3935,0.933672754
3971,0.933673755
3979,0.933674756
4004,0.933675757
4008,0.933676759
4025,0.93367776
4029,0.933678761
4043,0.933679762
4045,0.933680763
4046,0.933681764
4058,0.933683766
4085,0.933684767
4103,0.933685768
4116,0.933686769
4122,0.93368777
4130,0.933688771
4138,0.933689772
4189,0.933690773
4208,0.933691774
4211,0.933692775
4218,0.933693776
4225,0.933694777
4245,0.933695778
4297,0.933696779
4348,0.93369778
4398,0.933698782
4415,0.933699783
4440,0.933700784
4458,0.933701785
4461,0.933702786
4468,0.933703787
4481,0.933704788
4515,0.933705789
4531,0.93370679
4537,0.933707791
4539,0.933708792
4542,0.933709793
4590,0.933711795
4671,0.933712796
4685,0.933713797
4710,0.933714798
4750,0.933715799
4753,0.9337168
4804,0.933718802
4822,0.933719803
4844,0.933720805
4849,0.933721806
4891,0.933722807
4894,0.933723808
4897,0.933724809
4953,0.93372581
4975,0.933726811
4976,0.933727812
4978,0.933728813
4999,0.933729814
5000,0.933730815
5010,0.933732817
5023,0.933733818
5029,0.933734819
5035,0.93373582
5146,0.933736821
5154,0.933737822
5165,0.933738823
5184,0.933739824
5194,0.933740825
5199,0.933742828
5202,0.933743829
5204,0.93374483
5214,0.933745831
5228,0.933746832
5238,0.933747833
5239,0.933748834
5247,0.933749835
5291,0.933750836
5300,0.933751837
5311,0.933752838
5312,0.933753839
5328,0.93375484
5335,0.933755841
5341,0.933756842
5349,0.933757843
5351,0.933758844
5352,0.933760846
5355,0.933761847
5380,0.933762848
5397,0.933763849
5414,0.933764851
5428,0.933765852
5432,0.933766853
5469,0.933767854
5471,0.933768855
5495,0.933769856
5512,0.933770857
5533,0.933771858
5534,0.933772859
5566,0.93377386
5568,0.933774861
5628,0.933775862
5629,0.933776863
5653,0.933777864
5659,0.933778865
5667,0.933779866
5745,0.933780867
5746,0.933781868
5754,0.933782869
5799,0.93378387
5812,0.933784871
5834,0.933785872
5863,0.933786873
5871,0.933787875
5875,0.933788876
5897,0.933789877
5912,0.933790878
5918,0.933791879
5936,0.93379288
5985,0.933793881
6013,0.933794882
6029,0.933795883
6041,0.933796884
6042,0.933797885
6046,0.933798886
6054,0.933799887
6058,0.933800888
6059,0.933801889
6069,0.93380289
6074,0.933803891
6108,0.933804892
6118,0.933805893
6159,0.933806894
6202,0.933807895
6217,0.933808896
6233,0.933809898
6250,0.933810899
6264,0.9338119
6288,0.933812901
6364,0.933813902
6373,0.933814903
6385,0.933815904
6393,0.933816905
6414,0.933817906
6421,0.933818907
6431,0.933819908
6438,0.933820909
6445,0.93382191
6453,0.933822911
6456,0.933823912
6457,0.933824913
6512,0.933825914
6542,0.933826915
6605,0.933827916
6618,0.933828917
6635,0.933829918
6647,0.933830919
6678,0.933831921
6701,0.933832922
6708,0.933833923
6840,0.933834924
6890,0.933835925
7102,0.933836926
7191,0.933837927
7200,0.933838928
7232,0.933839929
7237,0.93384093
7408,0.933841931
7430,0.933842932
7483,0.933843933
7629,0.933844934
7808,0.933845935
7924,0.933846936
7936,0.933847937
8009,0.933848938
8375,0.933849939
8380,0.93385094
8436,0.933851941
8499,0.933852942
8521,0.933853944
8604,0.933854945
8605,0.933855946
8633,0.933856947
8640,0.933858949
8672,0.93385995
8702,0.933860951
8714,0.933861952
8722,0.933862953
8770,0.933863954
8798,0.933864955
8884,0.933865956
9010,0.933866957
9028,0.933867958
9036,0.933868959
9072,0.93386996
9121,0.933870961
9125,0.933871962
9193,0.933872963
9216,0.933873964
9279,0.933874965
9321,0.933875967
9375,0.933876968
9425,0.933877969
9478,0.93387897
9574,0.933879971
9695,0.933881973
9710,0.933882974
9728,0.933883975
9876,0.933884976
9897,0.933885977
9901,0.933886978
9930,0.933887979
10039,0.93388898
10222,0.933889981
10290,0.933890982
10303,0.933891983
10346,0.933892984
10367,0.933893985
10370,0.933894986
10404,0.933895987
10445,0.933896988
10706,0.93389799
10720,0.933898991
10728,0.933899992
10730,0.933900993
10783,0.933901994
11023,0.933902995
11053,0.933903996
11169,0.933904997
11231,0.933905998
11591,0.933906999
11595,0.933908
11845,0.933909001
11935,0.933910002
11958,0.933911003
12031,0.933912004
12106,0.933913005
12110,0.933914006
12149,0.933915007
12192,0.933916008
12247,0.933917009
12272,0.93391801
12283,0.933919011
12317,0.933920012
12372,0.933921014
12377,0.933922015
12515,0.933923016
12569,0.933924017
12670,0.933925018
12758,0.933926019
13298,0.93392702
13328,0.933928021
13388,0.933929022
13548,0.933930023
13701,0.933931024
13794,0.933932025
13877,0.933933026
13997,0.933934027
14088,0.933935028
14167,0.933936029
14203,0.93393703
14492,0.933938031
14654,0.933939032
14859,0.933940033
14926,0.933941034
15286,0.933942035
15725,0.933943037
15862,0.933944038
16193,0.933945039
16473,0.93394604
17252,0.933947041
17320,0.933948042
17322,0.933949043
17323,0.933950044
17396,0.933951045
17756,0.933952046
17781,0.933953047
17847,0.933954048
17859,0.933955049
17871,0.93395605
17922,0.933957051
18412,0.933958052
18427,0.933959053
18428,0.933960054
18443,0.933961055
18574,0.933962056
18578,0.933963057
18619,0.933964058
18736,0.93396506
18952,0.933966061
19043,0.933967062
19215,0.933968063
19250,0.933969064
19269,0.933970065
19533,0.933971066
20079,0.933972067
20097,0.933973068
20647,0.933974069
20655,0.93397507
20675,0.933976071
20782,0.933977072
20800,0.933978073
21139,0.933979074
21164,0.933980075
21208,0.933981076
21233,0.933982077
21234,0.933983078
21674,0.933984079
21735,0.93398508
21796,0.933986081
21980,0.933987083
22186,0.933988084
22224,0.933989085
22299,0.933990086
22306,0.933991087
22344,0.933992088
22377,0.933993089
22411,0.93399409
22439,0.933995091
22474,0.933996092
22475,0.933997093
22619,0.933998094
22804,0.933999095
22832,0.934000096
22877,0.934001097
23061,0.934002098
23148,0.934003099
23573,0.9340041
23587,0.934005101
23612,0.934006102
23747,0.934007103
23756,0.934008104
23759,0.934009106
23764,0.934010107
23929,0.934011108
23953,0.93401311
24232,0.934014111
24348,0.934015112
24394,0.934016113
24514,0.934017114
24554,0.934018115
24597,0.934019116
24633,0.934020117
24652,0.934021118
24788,0.934022119
24825,0.93402312
24845,0.934024121
24871,0.934025122
25370,0.934026123
25496,0.934027124
26473,0.934028125
26490,0.934029126
26713,0.934030127
26853,0.934031128
26902,0.93403213
27112,0.934033131
27185,0.934034132
27367,0.934035133
27390,0.934036134
27976,0.934037135
28119,0.934038136
28298,0.934039137
28420,0.934040138
28423,0.934041139
28657,0.93404214
29075,0.934043141
29128,0.934044142
29778,0.934045143
30237,0.934046144
30719,0.934047145
30802,0.934048146
30822,0.934049147
31700,0.934050148
31990,0.934051149
32417,0.93405215
32718,0.934053151
32836,0.934054153
32892,0.934055154
32912,0.934056155
32994,0.934057156
33517,0.934058157
33935,0.934059158
34093,0.934060159
34333,0.93406116
34712,0.934062161
34741,0.934063162
35044,0.934064163
35227,0.934065164
35544,0.934066165
35560,0.934067166
36248,0.934068167
36449,0.934069168
36657,0.934070169
36718,0.93407117
37497,0.934072171
37498,0.934073172
37499,0.934074173
37510,0.934075174
37541,0.934076176
37611,0.934077177
37642,0.934078178
37809,0.934079179
38565,0.93408018
39128,0.934081181
39887,0.934082182
40171,0.934083183
40916,0.934084184
41803,0.934085185
41872,0.934086186
42433,0.934087187
43131,0.934088188
43436,0.934089189
43579,0.93409019
44277,0.934091191
45370,0.934092192
45375,0.934093193
45407,0.934094194
45545,0.934095195
46174,0.934096196
46193,0.934097197
47119,0.934098199
47259,0.9340992
47890,0.934100201
49387,0.934101202
50322,0.934102203
51670,0.934103204
51873,0.934104205
52950,0.934105206
54122,0.934106207
54166,0.934107208
54492,0.934108209
54843,0.93410921
55166,0.934110211
55654,0.934111212
56160,0.934112213
56888,0.934113214
58025,0.934114215
58329,0.934115216
59810,0.934116217
61443,0.934117218
61815,0.934118219
62203,0.93411922
62232,0.934120222
63258,0.934121223
63871,0.934122224
64020,0.934123225
64032,0.934124226
64462,0.934125227
65182,0.934126228
66760,0.934127229
66787,0.93412823
66791,0.934129231
66853,0.934130232
66904,0.934131233
66929,0.934132234
67514,0.934133235
67585,0.934134236
67596,0.934135237
67622,0.934136238
68158,0.934137239
69425,0.93413824
69507,0.934139241
69899,0.934140242
70202,0.934141243
70846,0.934142245
72056,0.934143246
72670,0.934144247
74218,0.934145248
74906,0.934146249
75305,0.93414725
75355,0.934148251
75621,0.934149252
77005,0.934150253
77746,0.934151254
78106,0.934152255
78601,0.934153256
78945,0.934154257
79758,0.934155258
80106,0.934156259
80425,0.93415726
80439,0.934158261
80876,0.934159262
81070,0.934160263
81471,0.934161264
81668,0.934162265
82233,0.934163266
82579,0.934164267
83212,0.934165269
83499,0.93416627
83701,0.934167271
85328,0.934168272
87267,0.934169273
87374,0.934170274
87826,0.934171275
87852,0.934172276
88527,0.934173277
89339,0.934174278
89626,0.934175279
90631,0.93417628
90640,0.934177281
91062,0.934178282
91352,0.934179283
92659,0.934180284
93264,0.934181285
93461,0.934182286
93617,0.934183287
93688,0.934184288
94233,0.934185289
94397,0.93418629
94795,0.934187292
94889,0.934188293
95189,0.934189294
95359,0.934190295
95395,0.934191296
95658,0.934192297
96435,0.934193298
96819,0.934194299
97365,0.9341953
98042,0.934196301
98090,0.934197302
98381,0.934198303
98623,0.934199304
98809,0.934200305
98836,0.934201306
99616,0.934202307
99999,0.934203308
100441,0.934204309
102177,0.93420531
102323,0.934206311
102867,0.934207312
103560,0.934208313
109839,0.934209315
114510,0.934210316
118591,0.934211317
118596,0.934212318
120156,0.934213319
120736,0.93421432
121921,0.934215321
122152,0.934216322
122228,0.934217323
126093,0.934218324
127406,0.934219325
127428,0.934220326
127747,0.934221327
129897,0.934222328
151824,0.934223329
159694,0.93422433
161611,0.934225331
176104,0.934226332
185242,0.934227333
186437,0.934228334
187165,0.934229335
196970,0.934230336
197605,0.934231338
199065,0.934232339
203804,0.93423334
203908,0.934234341
205339,0.934235342
211731,0.934236343
212194,0.934237344
214394,0.934238345
215551,0.934239346
218240,0.934240347
218693,0.934241348
221580,0.934242349
224485,0.93424335
225914,0.934244351
226910,0.934245352
233662,0.934246353
235122,0.934247354
235211,0.934248355
235510,0.934249356
235780,0.934250357
236697,0.934251358
236747,0.934252359
236772,0.934253361
246073,0.934254362
254259,0.934255363
255341,0.934256364
255937,0.934257365
258928,0.934258366
260359,0.934259367
260626,0.934260368
260892,0.934261369
263534,0.93426237
264532,0.934263371
264544,0.934264372
264880,0.934265373
266429,0.934266374
269210,0.934267375
269278,0.934268376
269697,0.934269377
271109,0.934270378
271573,0.934271379
273795,0.93427238
275048,0.934273381
278511,0.934274382
278654,0.934275384
279091,0.934276385
279188,0.934277386
279911,0.934278387
280219,0.934279388
280267,0.934280389
280963,0.93428139
282804,0.934282391
288062,0.934283392
288291,0.934284393
288582,0.934285394
288653,0.934286395
289258,0.934287396
290808,0.934288397
290847,0.934289398
290851,0.934290399
290871,0.9342914
291852,0.934292401
292160,0.934293402
292217,0.934294403
293181,0.934295404
293966,0.934296405
295215,0.934297406
295419,0.934298408
301338,0.934299409
307213,0.93430041
313261,0.934301411
326075,0.934302412
336468,0.934314424
336470,0.934315425
336486,0.934332443
338238,0.934334445
338245,0.934337448
338257,0.934338449
338270,0.93433945
338981,0.934341452
339763,0.934350462
339767,0.934351463
340223,0.93435847
340293,0.934363475
341505,0.934379492
341513,0.934381494
342405,0.934382495
342615,0.934457574
343288,0.934458575
345314,0.934577699
345325,0.934603726
345823,0.934612736
346795,0.934613737
347114,0.934614738
347186,0.934617741
347324,0.93469382
347597,0.934694821
347651,0.934701829
347735,0.934704832
347791,0.934723852
348198,0.934727856
350232,0.934729858
351252,0.934730859
352274,0.934733862
354090,0.934734863
356737,0.934735864
357174,0.934738867
357320,0.934743873
357330,0.934747877
358292,0.93475088
358294,0.934751881
358302,0.934752882
358314,0.934890025
358324,0.935139285
358968,0.935140286
359334,0.935407565
360192,0.935695866
361470,0.935696868
362054,0.935697869
363942,0.935885064
364372,0.936011196
364488,0.936012197
364502,0.936013198
364510,0.936014199
364518,0.936023208
364604,0.93636957
365234,0.936370571
365271,0.93637958
365281,0.936392594
365289,0.936425628
365866,0.936625837
367690,0.936627839
367714,0.936628841
367724,0.936629842
367970,0.936630843
368100,0.936631844
368108,0.936699915
368272,0.936700916
368283,0.936744962
368284,0.936745963
368285,0.936746964
368296,0.936800019
368348,0.936804023
368354,0.936862084
368378,0.936863085
368525,0.936865087
368527,0.936878101
368529,0.936883106
368563,0.936884107
368617,0.936895119
368627,0.936899123
368635,0.936900124
368640,0.936912136
369152,0.936913137
369517,0.936914138
369676,0.936915139
369896,0.93691614
369924,0.936917141
369957,0.936919144
370207,0.936946172
370216,0.936953179
370221,0.936982209
370313,0.936994222
370315,0.937000228
370423,0.937003231
370425,0.937006235
370427,0.937008237
370429,0.937147382
370448,0.937148383
370520,0.937149384
370550,0.937151386
370806,0.9372605
370819,0.93727952
371019,0.937320563
371119,0.937344588
371135,0.937350594
371423,0.937352596
371546,0.937481731
371582,0.937482732
372426,0.937590845
372444,0.937607863
372446,0.937611867
372466,0.937616872
372468,0.937695955
372517,0.937699959
372525,0.93770096
372533,0.937702962
372559,0.937704964
372822,0.937705965
373101,0.937932201
373127,0.937933202
373375,0.937938207
373377,0.937951221
373389,0.93796023
373954,0.937961232
373970,0.937962233
373974,0.938011284
374008,0.938027301
374024,0.938028302
374695,0.938029303
374703,0.938128406
374769,0.938147426
374815,0.938192473
374829,0.938201482
374937,0.938204485
374942,0.938205487
375753,0.938287572
375773,0.938291576
375783,0.938295581
375793,0.938296582
376926,0.938297583
377492,0.938300586
377525,0.93830459
377533,0.938307593
377541,0.938308594
377581,0.938312598
377591,0.938315601
377599,0.938317604
377605,0.938322609
377612,0.938325612
377620,0.938394684
377697,0.938395685
377744,0.938423714
378534,0.938470763
378595,0.938471765
379493,0.938473767
379495,0.938474768
379550,0.93847677
379554,0.938484778
379556,0.938485779
379711,0.93848678
380376,0.938492786
380475,0.938493788
380561,0.938494789
380618,0.938496791
380755,0.938503798
381052,0.938504799
381281,0.938509804
382349,0.938513808
382368,0.938514809
382370,0.938516812
382372,0.938518814
382438,0.938519815
382455,0.938520816
382465,0.938521817
382548,0.938526822
382565,0.938527823
383001,0.938528824
383011,0.938529825
383021,0.93867798
383029,0.938853163
384055,0.938854164
384097,0.938867177
384109,0.938871182
384113,0.938918231
384117,0.938949263
384127,0.938950264
384194,0.938951265
384707,0.938953267
385394,0.938955269
385812,0.93895627
385893,0.938982298
385985,0.938996312
386411,0.938997313
386425,0.939008325
386469,0.93901333
386519,0.939055374
386543,0.939084404
386767,0.939085405
386775,0.939086406
387117,0.93909041
387239,0.939093414
387559,0.939095416
387579,0.939113434
387779,0.939117439
387827,0.939120442
387843,0.939123445
387845,0.939125447
387869,0.939148471
388185,0.939152475
388205,0.939154477
388316,0.939250578
388567,0.939251579
389149,0.93925258
389316,0.939261589
389400,0.939263591
389537,0.939266594
389569,0.939325656
389577,0.939375708
389650,0.939376709
389746,0.939411746
390130,0.93941575
390402,0.939416751
390510,0.939417752
390762,0.939419754
390810,0.939420755
391722,0.939428764
391744,0.939432768
391766,0.939538879
391784,0.939565907
391918,0.939590933
391930,0.939667012
391954,0.939680026
392186,0.939681027
392240,0.939682028
392280,0.939777127
392336,0.93981817
392340,0.939821173
392342,0.939825177
392374,0.939858212
392393,0.939860214
392395,0.939861215
392485,0.939896252
392766,0.939897253
392779,0.939916273
393322,0.939917274
393330,0.939960319
393356,0.93996132
393378,0.939962321
393388,0.939963322
393400,0.939964323
393416,0.939980339
393426,0.939981341
393428,0.93999035
393498,0.939991351
393514,0.939992352
393577,0.940025387
393926,0.940027389
394352,0.940169537
394365,0.94018155
394426,0.94019156
394428,0.94025863
394476,0.940259631
394556,0.940260632
394568,0.940261633
394571,0.940262634
394595,0.940263635
394598,0.940264636
394654,0.940265637
394657,0.940266638
394668,0.94026864
394687,0.940273646
394820,0.940281654
394888,0.940293667
394897,0.940294668
394927,0.940435815
395125,0.940436816
395127,0.940437817
395141,0.940439819
395191,0.940443823
395192,0.940448829
395220,0.94054593
395414,0.940549934
395426,0.940558944
395428,0.940563949
395430,0.940566952
395548,0.940619006
395674,0.940624011
396220,0.940631019
396226,0.94063202
396236,0.940633021
396324,0.940634022
396332,0.940635023
396346,0.940636024
396644,0.940647036
396923,0.940648037
397010,0.940650039
397018,0.940707098
397028,0.9407091
397285,0.940841238
397370,0.940854252
397448,0.940884283
397449,0.940886285
397458,0.940957359
398018,0.940958361
398034,0.940992396
398044,0.940998402
398052,0.941001405
398123,0.941002407
398130,0.941008413
398180,0.941016421
398365,0.941017422
398663,0.941018423
398687,0.941019424
398730,0.941021426
398740,0.941119529
398753,0.941136547
398798,0.941137548
398852,0.94113955
398932,0.941142553
399300,0.941143554
399414,0.941146557
399510,0.941147558
399520,0.941276693
399683,0.941277694
400806,0.941278695
400876,0.941279696
401223,0.941502929
401639,0.941516944
401996,0.941521949
402161,0.94153296
402267,0.941533961
402373,0.941655088
402664,0.941659092
402666,0.941752189
402672,0.94177221
402696,0.941799238
402704,0.94206852
402708,0.942069521
402718,0.942070522
402782,0.942072524
402787,0.94207853
402841,0.942091544
402847,0.942144599
402855,0.942149604
402871,0.942185642
402965,0.942215673
403093,0.942216674
403103,0.942326789
403105,0.94232779
403115,0.942333796
403117,0.942339803
403119,0.942341805
403127,0.942342806
403137,0.942344808
403572,0.94234681
403577,0.942347811
403583,0.942351815
403597,0.942353817
403646,0.942360825
403777,0.942361826
403790,0.942363828
404052,0.94236583
404370,0.942366831
404460,0.94237584
404502,0.942376841
404506,0.942386852
404510,0.942631107
404512,0.942632108
404518,0.942633109
404520,0.94265313
404592,0.942654131
405070,0.942715195
405531,0.942716196
405691,0.942803287
405709,0.942827312
405711,0.942840325
405713,0.942848334
405839,0.942849335
405913,0.94296946
405980,0.943024518
406010,0.943025519
406194,0.94302652
406242,0.943191692
406303,0.943193694
406319,0.943194695
406333,0.943196697
406396,0.943327834
406408,0.943328835
406416,0.943335843
406445,0.943336844
406450,0.943337845
407104,0.943339847
407113,0.943369878
407227,0.943372881
407277,0.943373882
407513,0.943374883
407537,0.943376885
407569,0.943383893
407582,0.943384894
407690,0.943402913
407804,0.943403914
407827,0.943404915
407897,0.943412923
407979,0.943416927
407987,0.943420931
408002,0.943424936
408050,0.94342894
408054,0.943514029
408144,0.943603122
408201,0.943606125
408277,0.943615134
408284,0.943617136
408296,0.943669191
408306,0.943683205
408676,0.943755281
408684,0.943757283
408688,0.943758284
408695,0.943760286
408700,0.943761287
408701,0.943763289
408706,0.943767293
408721,0.943768294
408729,0.943771297
408780,0.943772298
408804,0.94388842
408851,0.943889421
408876,0.943890422
408886,0.943891423
408924,0.943894426
408932,0.943895427
408943,0.943904436
408946,0.943905437
408951,0.943958493
408992,0.943963498
409035,0.94399453
409215,0.944104645
409225,0.94414769
409246,0.944149692
409260,0.944151694
409313,0.944224771
409317,0.944285834
409334,0.944297847
409352,0.944309859
409366,0.944311862
409440,0.9443489
409482,0.944390944
409492,0.944393947
409500,0.94440596
409508,0.94443499
409512,0.944441997
409597,0.944444
409642,0.944462018
409658,0.944463019
409702,0.94446402
409708,0.94453109
409768,0.944539099
409945,0.9445401
409947,0.944542102
409971,0.944545105
409980,0.944547107
410192,0.944551111
410440,0.944778349
410448,0.945032614
410456,0.945090675
410478,0.945091676
410547,0.945094679
410582,0.945122708
411044,0.945144731
411058,0.945182771
411068,0.945283876
411237,0.945284877
411287,0.945287881
411292,0.945289883
411299,0.945291885
411531,0.945292886
411714,0.945293887
411740,0.94529689
411763,0.945398997
411972,0.945525128
411993,0.94567028
412183,0.945671281
412260,0.945702313
412267,0.945707318
412320,0.945815431
412483,0.945818434
412532,0.945820437
412534,0.945821438
412561,0.945822439
412568,0.94582344
412607,0.945825442
412682,0.945872491
412702,0.945932554
412703,0.945934556
412706,0.945950572
412708,0.946031657
412774,0.946033659
412896,0.94603466
412948,0.946036662
413007,0.946112742
413068,0.946118748
413095,0.946140771
413113,0.94617781
413125,0.946179812
413151,0.946180813
413166,0.946181814
413174,0.946184817
413222,0.946267904
413480,0.946281918
413490,0.946575225
413658,0.946576226
413740,0.94658023
413980,0.946581231
414114,0.946688343
414469,0.946736393
414475,0.9467434
414478,0.946878541
414482,0.94688655
414486,0.947035705
414502,0.947036706
414520,0.94723191
414524,0.94724092
414528,0.947245925
414533,0.947246926
414588,0.947334017
414596,0.947335018
414604,0.947340023
414676,0.947346029
414753,0.94734703
414793,0.947348031
414998,0.947489179
415390,0.947588282
415418,0.947590284
415428,0.947591285
415438,0.947622318
415448,0.947638334
415456,0.947639335
415524,0.947640337
415628,0.947685384
415639,0.947686385
415649,0.947687386
415891,0.947689388
416000,0.947709409
416010,0.947712412
416018,0.947713413
416090,0.947726426
416305,0.947727427
416416,0.947728428
416426,0.947845551
416595,0.948032746
416602,0.948033747
416670,0.948579317
416748,0.948580318
416965,0.948581319
417528,0.948585323
417806,0.948868619
417822,0.94893669
418500,0.948937691
418542,0.948941695
418612,0.948942696
418662,0.948956711
419007,0.948957712
419015,0.948959714
419021,0.949105867
419399,0.949107869
419482,0.949119881
419810,0.949126888
419814,0.949131894
419892,0.949144907
420572,0.94914791
420693,0.949148911
420729,0.949149913
420747,0.949266034
420807,0.949326096
420841,0.949331102
421280,0.949333104
421304,0.949334105
421690,0.949336107
421789,0.949498276
422444,0.94950228
422532,0.949520299
422540,0.949544324
422593,0.949545325
423053,0.949546326
423063,0.949609392
423073,0.949619403
423081,0.950053856
423089,0.950779614
423099,0.950780615
423100,0.950781616
423109,0.950782617
423364,0.950790625
423599,0.950796632
423879,0.950811647
424295,0.950812648
424581,0.951165016
425149,0.95116902
425152,0.951170022
425160,0.951171023
425161,0.951172024
425689,0.951173025
425714,0.951190042
425724,0.951191043
425758,0.951196049
425829,0.951411273
426119,0.951498364
426305,0.951499365
426329,0.951500366
426331,0.951502368
426333,0.951504371
426335,0.951505372
426363,0.951506373
426389,0.951507374
426403,0.951508375
427012,0.951509376
427017,0.951510377
427045,0.951511378
427370,0.951512379
427546,0.9515324
427666,0.951534402
427674,0.951552421
427760,0.951558427
428020,0.951764642
428352,0.951769648
428354,0.951773652
428356,0.951774653
428374,0.951878761
428392,0.951881765
428410,0.951986874
428426,0.951988876
428434,0.951989877
428456,0.952100993
428828,0.952101994
428838,0.952102996
428848,0.952104998
428858,0.952105999
428861,0.952107
428868,0.952109002
428878,0.952110003
429149,0.952111004
429264,0.952114007
429623,0.952208105
429633,0.952245144
429643,0.952283184
429659,0.952285186
429665,0.952287188
429703,0.95228919
429723,0.952399305
429888,0.952400306
430116,0.952403309
430238,0.95240431
430254,0.952410316
430312,0.952455363
430363,0.952456364
430535,0.952521432
430581,0.952654571
430622,0.952655572
430670,0.952663581
430679,0.952767689
430683,0.952769692
430879,0.952771694
431748,0.952772695
431852,0.953000933
431975,0.953001934
432036,0.953003936
432041,0.953006939
432068,0.95300794
432097,0.953009942
432174,0.953104041
432298,0.95311305
432305,0.953117054
432334,0.953152091
432518,0.953154093
432542,0.953155094
432600,0.953156095
432747,0.953192133
432755,0.953194135
432929,0.953197138
433066,0.953198139
433466,0.953201142
433476,0.95320915
433651,0.953210151
433724,0.953217159
433765,0.953281226
433911,0.953282227
434288,0.95329524
434293,0.953297242
434305,0.953298243
434393,0.95330425
434433,0.953339286
434542,0.953361309
434548,0.953447399
434549,0.9534484
434666,0.953516471
434746,0.953522477
434751,0.953525481
434812,0.953635596
434814,0.953638599
434886,0.953642603
434896,0.95369766
434926,0.953698661
434961,0.953699662
435219,0.953705669
435231,0.953707671
435404,0.953708672
435601,0.953710674
435674,0.953758724
435680,0.953787754
435737,0.953790758
436370,0.953791759
436384,0.95379276
436464,0.953793761
436502,0.953794762
436537,0.953795763
436623,0.953796764
436652,0.953838808
437503,0.95384081
437557,0.953847817
437579,0.953851821
437997,0.953858829
438196,0.954018996
438519,0.954020998
438630,0.954114095
438640,0.954625629
438648,0.95462663
438660,0.954631635
438804,0.954632636
438876,0.954633638
439037,0.954879895
439156,0.954996016
439162,0.955079103
439174,0.955199228
439176,0.955240271
439186,0.955260292
439236,0.955262294
439410,0.955273305
439413,0.955274306
439427,0.955276308
439727,0.955280313
439745,0.955310344
440089,0.955312346
440164,0.955331366
440204,0.955334369
440300,0.955409447
440306,0.955410449
440352,0.955426465
440361,0.955428467
440378,0.955429468
440384,0.955430469
440394,0.95544048
440408,0.955443483
440413,0.955453493
440461,0.955462503
440493,0.955463504
440501,0.955477519
440536,0.955548593
440543,0.955632681
440551,0.95564169
440878,0.955643692
441114,0.955672722
441153,0.955757811
441182,0.955758812
441242,0.955762816
441248,0.955763817
441251,0.955764818
441268,0.95576582
441277,0.955870929
441307,0.955875934
441329,0.955876936
441331,0.955882942
441350,0.955883943
441363,0.955903964
441366,0.955905966
441367,0.955906967
441431,0.955907968
441496,0.955910971
441499,0.955930992
441514,0.956104173
441522,0.956120189
441598,0.956121191
441636,0.956138208
441746,0.956139209
441753,0.956142212
441796,0.956307385
441877,0.95631239
441881,0.956326405
441885,0.956328407
441999,0.956329408
442009,0.956338417
442027,0.95636945
442029,0.956370451
442048,0.956371452
442086,0.956374455
442090,0.956535623
442098,0.956541629
442212,0.956546635
442216,0.956554643
442311,0.956602693
442332,0.956603694
442373,0.956767866
442389,0.956769868
442398,0.95679089
442413,0.956792892
442461,0.956793893
442486,0.956810911
442493,0.956889993
443365,0.956890994
443366,0.957018127
443405,0.957020129
443420,0.957022131
443585,0.957023132
443685,0.957234353
443697,0.957381506
443718,0.95738551
443783,0.957387513
443799,0.957389515
443939,0.957400526
444100,0.957401527
444277,0.957431559
444284,0.957433561
444426,0.957434562
444439,0.957435563
444440,0.957439567
444446,0.957446574
444495,0.957447575
444503,0.957450578
444517,0.957476606
444545,0.957610746
444656,0.957645782
444666,0.957646783
444741,0.957647784
444836,0.957648785
444841,0.957703843
444842,0.957713853
445064,0.957803947
445132,0.957804948
445211,0.957805949
445247,0.95780695
445250,0.957807952
445309,0.957808953
445320,0.957810955
445367,0.957813958
445368,0.957817962
445370,0.95783498
445371,0.957835981
445383,0.957839985
445603,0.957952102
445636,0.957954104
445690,0.957959109
445731,0.95796011
445759,0.957961111
446224,0.957964115
446618,0.957965116
446628,0.957966117
446636,0.957967118
446657,0.957970121
446664,0.957971122
446674,0.957980131
446679,0.957982133
446713,0.957984135
446814,0.957985136
447014,0.957986138
447019,0.958009162
447027,0.9580462
447055,0.958053208
447059,0.958054209
447091,0.958056211
447101,0.958057212
447468,0.958058213
447471,0.958059214
447561,0.958079235
447847,0.958080236
447861,0.958086242
447935,0.958089245
448142,0.958096252
448192,0.958097254
448239,0.958098255
448261,0.958100257
448456,0.958101258
448656,0.958102259
448671,0.95810326
448684,0.95815131
448766,0.958418589
448875,0.95841959
448886,0.958503678
449024,0.95851569
449034,0.958526702
449054,0.958528704
449090,0.958533709
449337,0.95854372
449382,0.958545722
449386,0.958547724
449422,0.958550727
449476,0.958551728
449488,0.958552729
449581,0.958695878
449669,0.95869688
449705,0.958697881
449727,0.958698882
449740,0.958700884
449743,0.958701885
449761,0.958702886
449767,0.958703887
449813,0.958704888
449858,0.958705889
449883,0.958785973
449908,0.958786974
449943,0.958789977
450141,0.958790978
450551,0.95882201
450891,0.958823011
450896,0.958827015
450899,0.958830019
450906,0.958832021
450907,0.958840029
450916,0.958848037
450930,0.958849038
450948,0.958887078
451008,0.958896088
451021,0.958911103
451068,0.958912104
451084,0.958914106
451088,0.958915107
451124,0.958928121
451132,0.958930123
451203,0.958931124
451266,0.958943137
451342,0.958944138
451731,0.958945139
452011,0.958951145
452971,0.958953147
453407,0.959012209
453417,0.959016213
453446,0.959017214
453462,0.959022219
453556,0.959024221
453723,0.95906126
454137,0.959062261
454580,0.959069268
454582,0.959072271
454601,0.959084284
454686,0.959165369
454694,0.959170374
454713,0.959173377
455283,0.959174378
455323,0.959175379
455447,0.959180384
455481,0.959181385
455615,0.959182386
455633,0.95918539
455643,0.959190395
455754,0.959191396
456122,0.959271479
456308,0.959273482
456870,0.959274483
456875,0.959275484
456878,0.959400614
456886,0.959401615
456898,0.959403617
456904,0.959405619
456910,0.959406621
456922,0.959407622
456934,0.959429645
456944,0.959430646
457064,0.959432648
457085,0.959433649
457096,0.95944466
457457,0.959446662
457460,0.959448664
457695,0.959710938
457740,0.959725954
457869,0.959726955
458044,0.959766997
458271,0.959775005
458914,0.959807039
458959,0.95992316
459552,0.95997121
459556,0.959972211
459614,0.9604407
459617,0.960441701
459631,0.960442702
459633,0.960443703
459635,0.960444704
459637,0.960445705
459641,0.960446706
459646,0.960448708
459653,0.960567833
459657,0.960588855
459662,0.960592859
459669,0.960595862
459672,0.960596863
459674,0.960600867
459677,0.960601868
459680,0.960602869
459684,0.96064191
459692,0.960676947
459694,0.960809085
459697,0.96089117
459699,0.961016301
459707,0.961020305
459709,0.961021306
459711,0.961023308
459713,0.961024309
459715,0.961026311
459718,0.961028314
459722,0.961029315
459731,0.961031317
459732,0.961032318
459847,0.961089377
459995,0.961919244
460267,0.961931256
460284,0.961932257
460292,0.961933258
460510,0.961934259
460668,0.961937263
460681,0.961938264
460691,0.961941267
460699,0.961946272
460704,0.961949275
460998,0.961958284
461032,0.961962289
461081,0.961965292
461141,0.962093426
461152,0.962351695
461155,0.962352696
461178,0.962353697
461194,0.962364709
461204,0.962366711
461301,0.962369714
461324,0.962371716
461661,0.962372717
461947,0.962373718
462128,0.962374719
462152,0.962415762
462166,0.962416763
462169,0.962417764
462172,0.962418765
462182,0.962635992
462263,0.96271107
462285,0.962712071
462291,0.962714073
462320,0.962715075
462428,0.962723083
462726,0.962724084
462910,0.962728088
462987,0.962729089
462997,0.962732092
463007,0.962733093
463014,0.962734094
463019,0.962735095
463036,0.962736096
463048,0.962737098
463056,0.962743104
463060,0.962745106
463076,0.962935304
463078,0.962943313
463082,0.962958328
463088,0.96295933
463164,0.962960331
463192,0.962961332
463238,0.962964335
463258,0.962966337
463266,0.962975346
463280,0.962994366
463284,0.963012385
463295,0.963014387
463303,0.963015388
463335,0.963024397
463356,0.963203585
463362,0.963209591
463366,0.963238621
463368,0.963251635
463419,0.963253637
463921,0.963254638
463961,0.963255639
464187,0.963259643
464251,0.963334721
464267,0.963335722
464273,0.963336724
464279,0.963340728
464295,0.963344732
464531,0.963347735
464541,0.963348736
464543,0.963350738
464545,0.963351739
464601,0.96335274
464614,0.963365754
464654,0.963427819
464688,0.96342882
464689,0.963429821
464691,0.963433825
464693,0.963434826
464708,0.963435827
464725,0.963436828
464743,0.963437829
464794,0.963550947
464823,0.963551948
464877,0.963569967
464880,0.963741146
464881,0.963742147
464883,0.963746151
464923,0.963747152
464958,0.963750155
464959,0.963751156
465002,0.963753158
465004,0.963756161
465064,0.963757162
465134,0.963840249
465251,0.963842251
465336,0.963843252
465342,0.963845254
465724,0.963856266
465882,0.963857267
465910,0.963937351
466024,0.964058477
466118,0.964059478
466248,0.964060479
466260,0.964069489
466274,0.96407049
466455,0.964074494
466484,0.964177601
466494,0.964184609
466566,0.964427863
466597,0.964428864
466853,0.964433869
467014,0.96443487
467132,0.964479917
467134,0.964480918
467158,0.964527967
467239,0.964529969
467525,0.96453097
467650,0.964532972
467724,0.964535976
467740,0.964536977
467774,0.964537978
467805,0.964538979
467811,0.96453998
467837,0.964573014
467878,0.964600042
467923,0.964666111
467943,0.964676122
467970,0.964677123
467988,0.964786237
468591,0.964787238
468594,0.964791242
468730,0.964792243
468748,0.964793244
468754,0.964794245
468767,0.964796247
468772,0.964797248
468780,0.964798249
468784,0.96479925
468842,0.964804256
468906,0.964807259
468920,0.964861315
468981,0.964868323
468984,0.964872327
469062,0.964957416
469107,0.964958417
469110,0.964959418
469124,0.964991451
469133,0.964992452
469148,0.964993453
469171,0.964994454
469252,0.964995455
469255,0.964996456
469266,0.964997457
469356,0.965056519
469360,0.965158626
469362,0.965247719
469365,0.965249721
469377,0.965395873
469505,0.965396874
469513,0.965397875
469518,0.965405884
469523,0.96544092
469551,0.965444925
469594,0.965445926
469708,0.965446927
469785,0.965451932
469848,0.965523006
469900,0.965582068
469910,0.965606093
470155,0.965631119
470174,0.965633121
470179,0.965678168
470183,0.965684174
470215,0.965686176
470356,0.965687177
470361,0.96568918
470489,0.965772266
470501,0.965845343
470511,0.965887386
470651,0.965888387
470653,0.965891391
470667,0.965892392
470668,0.965893393
470708,0.965897397
470709,0.965898398
470828,0.965899399
470935,0.965903403
471102,0.965963466
471236,0.965972475
471248,0.96597748
471380,0.965997501
471381,0.966030536
471385,0.966031537
471389,0.966152663
471440,0.966153664
471532,0.966183696
471574,0.966185698
471606,0.966186699
471744,0.96636989
471786,0.9663789
471812,0.966379901
471879,0.966387909
471885,0.966393915
471891,0.966423947
472091,0.966510036
472664,0.966512039
472715,0.966520047
472917,0.966530057
472937,0.966532059
472941,0.966533061
472963,0.966534062
473052,0.96654207
473054,0.966543071
473110,0.966551079
473112,0.966553081
473222,0.966555084
473228,0.966574103
473542,0.966575104
473860,0.966576105
474161,0.966616147
474180,0.966618149
474188,0.966621152
474377,0.966634166
474497,0.966648181
474510,0.966667201
474646,0.966811351
474654,0.96682036
474690,0.966821362
474694,0.966822363
474700,0.966826367
474722,0.966827368
474733,0.966828369
474743,0.966832373
474804,0.966836377
474862,0.966838379
474907,0.96683938
475182,0.966868411
475189,0.966874417
475548,0.966886429
475558,0.966946492
475587,0.966947493
475680,0.966972519
475686,0.966974521
475693,0.966979527
475800,0.967103656
475806,0.96711667
475928,0.967119673
475969,0.967122676
475970,0.967125679
475971,0.967129683
475998,0.967130684
476152,0.967131685
476171,0.967132687
476181,0.967133688
476191,0.967134689
476201,0.967251811
476228,0.96727984
476818,0.967351915
476828,0.96735592
476952,0.967356921
476962,0.967357922
476972,0.967358923
477038,0.967360925
477048,0.967400967
477148,0.967401968
477151,0.967402969
477154,0.96740397
477320,0.967404971
477326,0.967406973
477440,0.967416983
477470,0.967457025
477691,0.967607182
478022,0.967608183
478032,0.967612187
478088,0.967613188
478098,0.967614189
478106,0.967619194
478202,0.967709288
478358,0.967719299
478431,0.9677203
478448,0.967735316
478460,0.967736317
478526,0.967738319
478538,0.96773932
478550,0.967740321
478562,0.967741322
478574,0.967743324
478586,0.967855441
478636,0.967928517
478638,0.967938528
478642,0.96794053
478648,0.967961552
478656,0.967962553
478664,0.967963554
478668,0.968031625
478671,0.968033627
478725,0.968040634
478789,0.968041635
478866,0.968042637
478876,0.968043638
479657,0.968134733
479658,0.968149748
479672,0.968165765
479700,0.968171771
479722,0.968272877
479728,0.968274879
479748,0.968276881
479852,0.968325932
479876,0.968326933
479968,0.968328935
479972,0.968330937
479980,0.96833294
479990,0.968334942
480100,0.968338946
480127,0.968345953
480228,0.968379989
480242,0.968428039
480248,0.968431042
480378,0.968440051
480399,0.968591209
480508,0.968655276
480512,0.968738363
480523,0.968739364
480541,0.968740365
480604,0.968741366
480651,0.968744369
480666,0.96874537
480667,0.968746371
480770,0.968749374
480850,0.968750375
480958,0.968967602
481005,0.969067707
481009,0.969069709
481017,0.969100741
481045,0.969101742
481643,0.96916681
481713,0.969360012
481724,0.969373025
481736,0.969522181
481740,0.969525184
481741,0.969528187
481831,0.969572233
481856,0.969573234
481866,0.969586248
481922,0.969587249
482406,0.969855529
482602,0.969862536
482993,0.969864539
483017,0.96986554
483035,0.970214904
483235,0.970311005
483246,0.970347042
483280,0.970348043
483297,0.970349044
483317,0.970351046
483405,0.97046016
483435,0.970461161
483455,0.970496198
483663,0.9704982
484087,0.970500202
484119,0.970502204
484151,0.970503205
484163,0.970531235
484185,0.970553258
484327,0.970554259
484447,0.97055526
484455,0.970556261
484485,0.970559264
484492,0.970560265
484682,0.970567272
484706,0.970569274
485230,0.970636344
485242,0.970642351
485250,0.970643352
485263,0.970654363
485565,0.970656365
485707,0.970788503
485851,0.970944666
486076,0.970945667
486265,0.9709767
486321,0.971037763
486512,0.971038764
486549,0.971042769
486574,0.97104377
486651,0.971048775
486902,0.971054781
487194,0.971055782
487204,0.971056783
487339,0.971057784
487353,0.971058785
487397,0.971060787
487429,0.971063791
487489,0.971065793
487577,0.97110183
487685,0.971102831
487710,0.971103832
487732,0.971155887
487924,0.971156888
487995,0.971157889
488077,0.97115889
488156,0.971159891
488230,0.971201935
488273,0.974151014
488277,0.974152015
488281,0.974244111
488282,0.974249116
488299,0.974802694
488300,0.974803695
488315,0.974804696
488355,0.974805697
488379,0.974806698
488382,0.974807699
488388,0.9748087
488426,0.974809701
488429,0.974810702
488454,0.974811703
488630,0.974812704
488735,0.97482772
489103,0.975259171
489549,0.975261173
489680,0.975265177
489694,0.975273185
489706,0.975289202
489821,0.975290203
489829,0.975291204
489839,0.975304218
489840,0.975310224
489842,0.975314228
489846,0.975315229
489856,0.975320234
490367,0.975321235
490377,0.975326241
490395,0.975327242
490474,0.975337252
490525,0.975338253
490968,0.975341256
490997,0.975344259
491121,0.97534526
491185,0.975351267
491341,0.975352268
492036,0.97535427
492151,0.975356272
492164,0.975365281
492422,0.975372289
492684,0.975375292
492686,0.975376293
492688,0.975390307
493065,0.975391309
493397,0.97539231
493645,0.975396314
493652,0.975398316
493654,0.975401319
493664,0.975404322
493999,0.975405323
494069,0.975409327
494071,0.97541233
494151,0.975426345
494515,0.975427346
494620,0.975430349
494654,0.97543135
494780,0.975432351
494790,0.975442362
494872,0.97545938
494881,0.975463384
495457,0.975468389
495459,0.975470391
495487,0.975477398
495503,0.975481403
495505,0.975482404
495511,0.975486408
495543,0.975501423
495559,0.975788723
495888,0.975797733
495898,0.975798734
495908,0.975904845
496514,0.975906847
496769,0.975933875
496771,0.975935877
496773,0.97596791
496850,0.976083031
497392,0.976131081
497748,0.976133083
497918,0.976134084
497925,0.976135085
497941,0.976136086
498038,0.976138088
498084,0.976139089
498133,0.976141091
498610,0.976177129
499082,0.97617813
499092,0.976192145
499102,0.976325284
499394,0.976326285
499436,0.976327286
499504,0.976330289
499516,0.976332291
499778,0.976333292
499856,0.976336295
499976,0.976337296
499998,0.976345304
500280,0.976370331
500310,0.976375336
500326,0.976385346
500328,0.976386347
500648,0.976387348
500660,0.976410372
500672,0.976529497
500980,0.976534502
501020,0.976535503
501082,0.976536504
501128,0.976539507
501136,0.976540508
501844,0.976585555
502193,0.976720696
502227,0.976721697
502230,0.976722698
502233,0.9767237
502236,0.976724701
502239,0.976725702
502716,0.976749727
502734,0.976776755
503051,0.976884868
503805,0.976885869
504103,0.976887871
504292,0.976889873
504294,0.976890874
504328,0.976892876
504358,0.976894878
504604,0.976967955
505346,0.976969957
505359,0.97697296
505387,0.976973961
505403,0.976974962
505427,0.976977965
505501,0.976978966
505784,0.976987975
505820,0.976988976
505830,0.976989978
505842,0.976990979
506302,0.976993982
506623,0.976998987
506920,0.977004993
506922,0.977006995
506940,0.977023012
506954,0.97706906
506968,0.977113106
507085,0.977116109
507202,0.977226224
507264,0.977227225
507316,0.977228226
507336,0.977229227
507368,0.977234233
507416,0.977240239
507482,0.977245244
507784,0.977246245
508220,0.977256256
508264,0.977257257
508412,0.977258258
508510,0.977290291
508646,0.97740441
508768,0.977405411
508962,0.977407413
508994,0.977412419
509220,0.97741342
509360,0.977414421
509382,0.977418425
509386,0.977543555
509404,0.977588603
509407,0.977686705
509413,0.97769171
509432,0.977703723
509433,0.977707727
509469,0.977719739
509471,0.977722743
509474,0.977724745
509490,0.977732753
509494,0.977733754
509540,0.977734755
509558,0.977738759
509574,0.977917946
509604,0.977918947
509624,0.977919948
509698,0.977921951
509748,0.977922952
509778,0.977923953
509868,0.977924954
510432,0.978013046
510480,0.978016049
510522,0.97801705
510538,0.978018051
510680,0.978019052
510772,0.978022055
510774,0.978023056
510778,0.978025058
510782,0.978028061
510786,0.978034068
510788,0.978043077
510802,0.978128166
510845,0.978144183
510975,0.978145184
510978,0.978249292
510988,0.978254297
510996,0.978331378
511057,0.978332379
511158,0.978334381
511166,0.978368417
511342,0.978369418
511349,0.978407457
511351,0.978409459
511353,0.978410461
511418,0.978411462
511427,0.978417468
511429,0.97841947
511431,0.978421472
511494,0.978422473
511774,0.978423474
511780,0.978434486
511782,0.978541597
511848,0.978608667
512158,0.978609668
512450,0.97861067
512466,0.978616676
512468,0.978631691
512488,0.978632693
512510,0.97864971
512884,0.978650711
513004,0.978657719
513025,0.97865872
513141,0.978662724
513390,0.978663725
513620,0.978664726
513633,0.978711775
513758,0.978714778
513772,0.978720784
513824,0.978722787
513836,0.978730795
514252,0.978739804
514281,0.978740805
514336,0.978793861
514342,0.978854925
514438,0.978855926
514449,0.978856927
514454,0.978981056
514563,0.978982057
514716,0.97898506
514825,0.979053131
515316,0.979056135
515747,0.979118199
515790,0.9791192
516428,0.979158241
517024,0.979174258
517034,0.979189274
517044,0.979237324
517052,0.979255343
517701,0.979256344
518260,0.979375468
518265,0.979399493
518928,0.979405499
518993,0.979491589
519302,0.97949259
519312,0.979494592
519330,0.979496594
519352,0.979510609
519415,0.97951161
519437,0.979513612
519452,0.979522622
519454,0.979524624
519519,0.979533633
520212,0.979535635
520590,0.979642747
521130,0.979695802
521215,0.979701809
521452,0.979705813
521498,0.979709817
521516,0.979710818
521526,0.979784895
521540,0.9797889
521544,0.979793905
521546,0.979804916
521554,0.979878994
521645,0.979879995
522154,0.979913029
522172,0.979915031
522194,0.979926043
522211,0.979927044
522230,0.979932049
522242,0.98000012
522430,0.980003123
522438,0.980058181
522472,0.980113238
522482,0.980114239
522484,0.980116241
522662,0.980118243
522664,0.980120246
522666,0.980121247
522676,0.980128254
522860,0.980130256
522900,0.980132258
522932,0.980167295
522939,0.980168296
522962,0.980169297
523125,0.980170298
523326,0.9801723
523342,0.980174302
523360,0.980262394
523388,0.980272404
523659,0.980273405
524289,0.980274406
524310,0.980275408
524320,0.980276409
524329,0.98027741
524333,0.980292425
524341,0.980301435
524354,0.980302436
524362,0.980303437
524380,0.980304438
524392,0.980305439
524403,0.980307441
524407,0.980349485
524419,0.980350486
524432,0.980351487
524440,0.980352488
524443,0.980353489
524449,0.98035449
524459,0.980356492
524468,0.980357493
524478,0.980358494
524493,0.980359495
524631,0.980360496
524655,0.980361497
524914,0.980362498
524979,0.980363499
524993,0.980364501
525092,0.980365502
525100,0.980366503
525130,0.980367504
525144,0.980375512
525146,0.980376513
525165,0.980480622
525168,0.980523667
525171,0.980524668
525174,0.980525669
525194,0.98052667
525214,0.980527671
525255,0.980528672
525260,0.980529673
525282,0.980530674
525468,0.980531675
525470,0.980532676
525641,0.980537681
525931,0.980540684
526106,0.980541686
526140,0.980620768
526179,0.980621769
526438,0.98062277
526519,0.980646795
526527,0.980705857
526543,0.980843
526545,0.980844001
526897,0.980851008
527098,0.980869027
527100,0.980873031
527102,0.980998162
527107,0.981009174
527108,0.981030196
527109,0.981032198
527251,0.981066233
527297,0.981067234
527350,0.981070237
527464,0.981071238
527474,0.981077245
527573,0.981108277
527581,0.981172344
527738,0.981274451
527860,0.981275452
527886,0.981347527
527890,0.981351531
527902,0.981356536
527910,0.981371552
527916,0.981374555
527921,0.981377558
527922,0.981382563
527923,0.981390572
527927,0.981394576
527928,0.981404586
527929,0.98140759
527930,0.981419602
527935,0.981553742
527937,0.981557746
527943,0.981558747
528020,0.981565755
528022,0.981566756
528050,0.981567757
528075,0.981568758
528081,0.981569759
528082,0.981571761
528091,0.981590781
528097,0.981591782
528175,0.981592783
528224,0.981593784
528244,0.981594785
528366,0.981698894
528380,0.981699895
528442,0.981700896
528456,0.981701897
528464,0.981862064
528473,0.981863065
528478,0.981864066
528487,0.981865067
528517,0.981870072
528519,0.981871073
528542,0.981872074
528564,0.981873075
528631,0.981876079
528900,0.98187708
528942,0.981880083
529251,0.981902106
529281,0.98190611
529324,0.982068279
529343,0.982170386
529349,0.98217439
529355,0.982177393
529455,0.982178394
529468,0.982180396
529795,0.982181397
529818,0.982377602
529836,0.982674913
529844,0.982802045
530075,0.982844089
530083,0.983159418
530125,0.983160419
530203,0.983161421
530210,0.983162422
530212,0.983163423
530218,0.983164424
530618,0.983165425
530663,0.98317043
530673,0.983172432
530687,0.983184445
530774,0.983185446
530987,0.983200461
530995,0.983223485
531003,0.983292557
531285,0.983378647
531413,0.983379648
531465,0.983380649
531471,0.983382651
531670,0.983384654
531758,0.983386656
531766,0.983387657
531774,0.983389659
531782,0.983496771
532337,0.983497772
532399,0.983527803
532429,0.983528804
532471,0.983529805
532497,0.983571849
532521,0.983576854
532527,0.983577855
532535,0.983579857
532999,0.983580858
533011,0.983817105
533217,0.984485803
533246,0.984491809
533279,0.98449281
533299,0.984493812
533304,0.984494813
533519,0.984552873
533688,0.984563885
533698,0.984573895
533745,0.98459792
533856,0.984598921
534731,0.984611935
534869,0.984817149
534941,0.984840173
534943,0.984935272
534951,0.984947285
534953,0.984948286
534965,0.984950288
534966,0.984953291
534978,0.984959298
535082,0.984960299
535098,0.984966305
535106,0.984967306
535135,0.984970309
535155,0.985002342
535623,0.985007348
535663,0.985008349
535748,0.985042384
535815,0.985055398
536176,0.9850574
536196,0.985058401
536214,0.985069412
536340,0.985184533
536886,0.985194543
536936,0.985209559
537008,0.98521056
537100,0.985213563
537118,0.985214564
537119,0.985234585
537588,0.985243594
537683,0.985244595
537745,0.985245596
537757,0.985293647
538032,0.985294648
538326,0.985312666
538588,0.985313667
538606,0.985332687
538626,0.985333688
538690,0.985334689
538700,0.98533569
538714,0.985341697
538715,0.98535471
538799,0.985357713
538815,0.985358714
538944,0.985360717
539034,0.985399757
539258,0.985400758
539389,0.985408767
539397,0.985501864
539826,0.985506869
539876,0.985714086
539878,0.985715087
539922,0.98571809
539930,0.985736108
539956,0.985739112
539959,0.985740113
539969,0.985741114
539976,0.985743116
539978,0.985760134
540250,0.985762136
540290,0.985778152
540454,0.985779153
540459,0.985780154
540473,0.985781156
541596,0.985782157
541760,0.985783158
541792,0.985786161
541944,0.985801176
542002,0.985875254
542160,0.985920301
542250,0.985925306
542429,0.986025411
543102,0.986026412
543246,0.986094483
543390,0.986095484
543424,0.986096485
543432,0.986097486
543534,0.986098487
543548,0.986099488
543600,0.986222616
543720,0.986377778
543778,0.986380782
543794,0.986381783
543924,0.986383785
544231,0.986384786
544294,0.986387789
544394,0.986487893
545138,0.986495902
545212,0.986499906
545492,0.986504911
545660,0.986515923
545663,0.986517925
546077,0.986524932
546087,0.986561971
546199,0.986685099
546616,0.9866861
546619,0.986687101
546632,0.986689103
546754,0.986690104
546756,0.986691106
546936,0.986783202
547034,0.986788207
547233,0.986792211
547938,0.986794213
547942,0.98681023
548751,0.986825246
548761,0.986894318
549191,0.98689632
549199,0.986897321
549380,0.987074506
549602,0.987113547
549841,0.987114548
550163,0.987136571
550191,0.987144579
550203,0.987157593
550727,0.987158594
550825,0.987162598
551451,0.987213651
552379,0.987236675
552426,0.987238677
552431,0.987239678
553073,0.987240679
553273,0.987242681
553309,0.987310752
553317,0.987311753
553387,0.987314757
553445,0.987315758
553495,0.987316759
553543,0.98731776
553675,0.987344788
554593,0.987355799
555479,0.987357802
556082,0.98736581
556259,0.987366811
556265,0.987368813
556271,0.987392838
556291,0.987450899
556382,0.9874519
556592,0.987455904
556618,0.987456905
557260,0.987459908
557274,0.98746191
557288,0.987464913
557324,0.987465914
557658,0.987468918
559016,0.98747092
559018,0.987471921
559532,0.987474924
559872,0.98751897
560598,0.987522974
560883,0.987526978
561225,0.987618073
561235,0.987630086
562138,0.987632088
562925,0.987633089
565092,0.987652109
565454,0.987654111
565820,0.987715175
565961,0.98772018
566670,0.987733193
566682,0.987771233
567606,0.987799262
567608,0.987801265
567610,0.987809273
567628,0.987810274
567630,0.987861327
568626,0.987866332
568628,0.987880347
568690,0.987881348
569051,0.987882349
570122,0.987886353
570134,0.987888355
570142,0.987897365
570160,0.987900368
570172,0.987901369
570184,0.987986458
570886,0.987997469
570892,0.98799847
570898,0.987999471
570906,0.988000472
570922,0.98801749
570924,0.988087563
571068,0.988088564
573054,0.988091568
573072,0.988191672
573080,0.988192673
573166,0.988197678
573941,0.98819968
574114,0.988203685
574868,0.98822771
576528,0.98823772
578294,0.988291777
578388,0.988292778
578402,0.988324811
579157,0.988325812
579672,0.988369858
580186,0.988370859
580854,0.988372861
582478,0.988375864
582492,0.988377866
582580,0.988382872
582622,0.988383873
583164,0.988407898
584106,0.988408899
587998,0.988529024
588630,0.988578076
588633,0.988579077
588634,0.988580078
589743,0.988622121
589744,0.988623123
589805,0.98864014
589807,0.988648149
591103,0.988663164
591104,0.988675177
591111,0.988677179
591134,0.988682184
591135,0.988689192
591137,0.988725229
591959,0.988738243
591960,0.988741246
591961,0.988746251
592280,0.988757263
595212,0.988786293
597984,0.988944458
601320,0.988947461
602818,0.988948462
602840,0.988951465
602842,0.988952466
602854,0.988953467
604502,0.988954468
604670,0.988957472
607998,0.988958473
610007,0.989039557
611835,0.989040558
611845,0.98904256
613043,0.989122644
615909,0.989127649
615919,0.98912865
616683,0.989135658
616728,0.989136659
616733,0.989138661
617218,0.989144667
619480,0.989145668
619489,0.989148671
620569,0.989149672
620581,0.989157681
620598,0.989158682
620632,0.989159683
620644,0.989161685
620670,0.98916669
620692,0.98929082
620710,0.989292822
620806,0.989294824
620882,0.989296826
621182,0.989314845
621193,0.989325856
622260,0.989326857
622279,0.989360893
623696,0.989362895
625422,0.989366899
625904,0.9893679
627234,0.989373906
627244,0.989433969
627950,0.989449986
627966,0.989465001
627968,0.989469006
627980,0.989472009
627996,0.989475012
627998,0.989477014
628000,0.989485022
628808,0.989487024
629174,0.989488025
629236,0.989491029
630440,0.98949203
630796,0.989493031
630810,0.989494032
630820,0.989512051
630832,0.989513052
631848,0.989514053
632588,0.98952106
632598,0.989576117
632602,0.989583125
632684,0.989584126
634456,0.989585127
634466,0.989589131
635680,0.989591133
636228,0.989593135
638222,0.989594136
638322,0.989595137
638428,0.989619162
638580,0.989624168
638612,0.989628172
638738,0.989629173
643252,0.989766316
643268,0.989817369
643500,0.989819371
643562,0.989833386
643828,0.989835388
647569,0.989836389
648940,0.989840393
648948,0.989842395
648956,0.989843397
648972,0.989871426
648980,0.989910467
648990,0.989911468
649894,0.989925482
650046,0.989964523
652162,0.989965524
654708,0.989976536
656548,0.989987547
657308,0.989988548
657318,0.990098663
657602,0.990185754
658298,0.990186755
658336,0.990187756
658466,0.990188757
661118,0.9902298
661234,0.990233804
661280,0.990236807
661290,0.99023981
661312,0.990268841
662656,0.990274847
662658,0.990278851
662660,0.990279852
662698,0.990281854
662710,0.990282855
662712,0.990283856
662714,0.990284857
662726,0.990286859
662730,0.990314889
666764,0.99031589
667854,0.990318893
668694,0.990319894
669604,0.990329904
669622,0.990330905
669632,0.990331907
669648,0.990332908
670502,0.990335911
672468,0.990336912
672556,0.990337913
672566,0.99040198
673766,0.990483064
674014,0.990484065
675848,0.990486067
677984,0.990487068
677996,0.990566151
678010,0.990612199
678036,0.990614201
678046,0.990615202
678478,0.990618205
681640,0.990619206
683522,0.990620207
685507,0.990621209
686831,0.99062221
686895,0.990625213
687581,0.990734327
688606,0.990826423
688618,0.990827424
690760,0.990828425
692504,0.990830427
692630,0.990834431
696016,0.990836433
696274,0.990849447
697591,0.990853451
697660,0.990855453
699099,0.990856454
699111,0.990953556
699129,0.991114724
699139,0.991117727
699817,0.991248864
700585,0.991249865
700591,0.991251867
701479,0.991253869
701513,0.99125487
701523,0.991266883
701551,0.991270887
701567,0.991276893
701569,0.991277894
701583,0.991351971
702395,0.991352973
702427,0.991353974
702453,0.991354975
702455,0.991364985
702457,0.991365986
702483,0.991372993
702487,0.99144607
702595,0.991447071
702611,0.991539167
703489,0.991572201
703495,0.991573202
704261,0.991577207
705227,0.991585215
713691,0.991586216
713759,0.991587217
713801,0.991588218
714933,0.991641273
716921,0.991642275
717477,0.991755393
718467,0.991757395
718475,0.99178142
788613,0.991795434
788615,0.991796435
789409,0.991799439
792122,0.991802442
792186,0.991807447
792194,0.991837478
793550,0.991840481
796326,0.991923568
803321,0.992196854
812695,0.992197855
812968,0.992208866
813613,0.992209867
825984,0.992305967
837918,0.992316979
838102,0.99231798
841584,0.992320983
849633,0.992400066
849659,0.992410076
849730,0.992412078
849731,0.992415081
849732,0.992417083
849733,0.992420087
851805,0.992510181
851945,0.992516187
852352,0.99251919
852562,0.992528199
852896,0.992709389
853004,0.99271039
853387,0.992761443
853549,0.992763445
853940,0.992767449
853950,0.992769451
853968,0.992772454
854008,0.992773455
855249,0.992801485
855464,0.992803487
855553,0.992833518
856067,0.992834519
856669,0.992860546
856830,0.992861547
857732,0.99286355
857822,0.992865552
858710,0.992866553
859566,0.992867554
859598,0.992868555
859692,0.992869556
859710,0.992872559
860044,0.992877564
862268,0.992889577
862484,0.992890578
862776,0.992891579
862942,0.992895583
864112,0.992896584
864442,0.993012705
864822,0.993013706
865014,0.993014707
866034,0.993015708
866046,0.99301771
866056,0.993018712
866068,0.993020714
866244,0.993021715
866252,0.993022716
866316,0.993030724
867240,0.99303673
867566,0.993157857
867584,0.993158858
868086,0.993159859
869310,0.99322793
869694,0.993231934
869936,0.993296001
870788,0.993298003
870792,0.993299004
870798,0.993304009
870832,0.99330501
870844,0.993309015
870888,0.993311017
871082,0.993313019
871090,0.993316022
873856,0.993317023
874474,0.993328034
874886,0.99340011
877212,0.993433144
878318,0.993436147
880182,0.993437148
880300,0.99343915
882946,0.993447159
883776,0.99344816
884354,0.993449161
885236,0.993451163
885542,0.993452164
886344,0.993463176
886354,0.993524239
886364,0.993530246
886372,0.99353425
886410,0.993540256
886426,0.99356328
886466,0.993564281
886522,0.993645366
887564,0.993751477
888498,0.993753479
888598,0.993848578
891362,0.993890622
894006,0.993896628
894010,0.993902634
894124,0.993903635
894154,0.993905637
895926,0.993906639
897808,0.993909642
904104,0.994005742
904116,0.994007744
904164,0.994015752
904524,0.99408983
904714,0.994091832
905226,0.994092833
907202,0.994094835
907302,0.994109851
909062,0.994306056
909064,0.994307057
909066,0.994309059
909068,0.994311061
910208,0.994313063
910620,0.994314064
910628,0.994351103
910758,0.994352104
912064,0.99436812
912158,0.994370122
915314,0.994385138
915332,0.99438714
915334,0.994394147
915338,0.994395149
915426,0.99439615
915450,0.994400154
915452,0.994453209
916755,0.994486244
918113,0.994489247
918125,0.994490248
918151,0.99449225
921800,0.99459736
921802,0.994716484
922977,0.994774545
922990,0.994776547
923043,0.994782553
923086,0.994785556
923141,0.994788559
926435,0.994792563
926436,0.99479857
926582,0.994803575
926622,0.994807579
926792,0.994968747
926939,0.994969748
926940,0.994976756
927151,0.995119905
929267,0.995120906
929483,0.995121907
931253,0.995122908
931779,0.995123909
931791,0.995235025
931847,0.995236026
932007,0.995238029
932061,0.995240031
933639,0.995243034
933701,0.995244035
934381,0.995245036
934389,0.995247038
935439,0.995248039
936961,0.995258049
936989,0.995260051
936999,0.995267059
937017,0.99526806
937019,0.995276068
937021,0.995374171
937941,0.995376173
939827,0.9954022
945175,0.995409207
945183,0.99542122
945749,0.995422221
948823,0.995426225
948831,0.995480281
948839,0.995492294
948847,0.995493295
949749,0.995499301
949787,0.995612419
950582,0.99561342
950620,0.995624432
950628,0.995629437
950636,0.995637445
950986,0.995638447
951296,0.99565146
951302,0.995665475
951312,0.995743556
952974,0.99574756
952978,0.995748561
953195,0.995749563
953259,0.995965788
953372,0.996138969
953672,0.99613997
953696,0.996159991
955040,0.996185017
955048,0.996192024
955050,0.996222056
955074,0.996223057
955086,0.996224058
955179,0.996349189
955437,0.996355195
956915,0.996358198
956923,0.9963602
956929,0.996366206
956941,0.996401243
957426,0.996512359
957581,0.996610461
957725,0.996611462
958277,0.996631483
958285,0.996633485
958286,0.996640493
958366,0.996702557
958707,0.996811671
958719,0.997042913
958727,0.997050921
958761,0.997051922
958785,0.997151026
959379,0.997152027
959387,0.997154029
959529,0.997156031
959610,0.997157032
959749,0.997158033
959965,0.997273153
960552,0.99739428
960566,0.997415302
961292,0.997416303
961618,0.997499389
961642,0.997501391
961660,0.997503394
961678,0.997507398
961688,0.997513404
961690,0.997514405
961718,0.997516407
961730,0.997521412
961738,0.997703603
961742,0.997709609
961746,0.997711611
961774,0.997714614
961794,0.997715615
961804,0.997716616
961806,0.997905814
961834,0.998099015
961854,0.99810302
961856,0.998105022
961876,0.998109026
961894,0.99811303
961914,0.998121038
961916,0.998143061
962496,0.998249172
962500,0.998387316
962650,0.998417348
963650,0.998513448
963830,0.99851545
964128,0.998516451
965266,0.998517452
965354,0.998519454
966926,0.998520455
966930,0.998521456
966956,0.998522457
968576,0.99852446
968586,0.998525461
970094,0.998527463
970796,0.998545481
970800,0.998793741
970828,0.998795743
971632,0.998796744
971712,0.998798746
971746,0.998799747
971752,0.99880275
972176,0.998803751
972692,0.998897849
972882,0.999105066
972968,0.999326297
973394,0.999446422
973412,0.999496474
973766,0.999560541
973776,0.999561542
973810,0.999564545
973816,0.999565546
974496,0.999566547
975176,0.999641626
976420,0.999642627
976864,0.999646631
977322,0.999981981
1044411,0.999982982
1054260,0.999983983
1054460,0.999984984
1054923,0.999985985
1054926,0.999986986
1055076,0.999987987
1055402,0.999988989
1055426,0.99998999
1055435,0.999990991
1055446,0.999991992
1055455,0.999992993
1055491,0.999993994
1055588,0.999994995
1056038,0.999995996
1056320,0.999996997
1057023,0.999997998
1057224,0.999998999
1057421,1