
29232,1.52276534e-05
33637,3.04553068e-05
33644,4.56829603e-05
33649,6.09106137e-05
34687,7.61382671e-05
34755,9.13659205e-05
35924,0.000106593574
35928,0.000121821227
36217,0.000137048881
36471,0.000152276534
36577,0.000167504188
36686,0.000182731841
36763,0.000197959494
36782,0.000213187148
36860,0.000228414801
37160,0.000243642455
37308,0.000258870108
37570,0.000274097762
37960,0.000289325415
40166,0.000304553068
40443,0.000319780722
40643,0.000335008375
41910,0.00053296787
41913,0.000791837978
42132,0.000867976245
42134,0.000883203898
42224,0.000913659205
42322,0.00105070809
42323,0.00106593574
42379,0.00117252931
42388,0.00124866758
42539,0.00149231004
42540,0.00152276534
42652,0.001537993
42678,0.002680067
42763,0.00269529466
43016,0.00450738541
43018,0.0049033044
43081,0.00504035328
43202,0.00505558093
43241,0.00507080859
43250,0.00511649155
43268,0.00627379321
43301,0.00628902086
43308,0.00639561444
43318,0.0064412974
43324,0.00673062281
43375,0.00679153342
43629,0.00682198873
43756,0.00683721638
43883,0.00688289935
44110,0.006898127
44441,0.00691335465
44494,0.00695903761
44511,0.00703517588
44513,0.00709608649
44559,0.00715699711
44560,0.00717222476
44561,0.00925841328
44563,0.013050099
44689,0.0171158824
44717,0.0171311101
44796,0.0215166743
45028,0.0215319019
45102,0.0215471296
45265,0.0243947008
45319,0.0263133851
45348,0.0315821532
45406,0.0315973808
45407,0.0316126085
45408,0.0316278362
45409,0.031764885
45499,0.0317801127
45505,0.0319171616
45506,0.0351606517
45507,0.0356631643
45806,0.0356936196
45809,0.0357088473
45810,0.0357240749
45841,0.0357393026
45842,0.0364397746
45843,0.0372468403
45849,0.0381909548
45852,0.0382061824
45858,0.0382214101
45859,0.0392568905
45870,0.0394853053
45871,0.0395614436
45875,0.0395766712
45879,0.0395918989
45914,0.0396071265
45918,0.0397746307
45919,0.0398355413
45920,0.0400335008
45994,0.0400487285
46014,0.0400639561
46042,0.0400791838
46046,0.0400944115
46047,0.040201005
46051,0.0402314603
46083,0.040642607
46084,0.0410842089
46096,0.0413583067
46109,0.0435967717
46112,0.0436119994
46121,0.043627227
46124,0.0436576824
46182,0.0442820161
46189,0.0459418304
46190,0.0462311558
46213,0.0481955231
46227,0.0485609868
46229,0.0486523527
46233,0.048682808
46252,0.0486980356
46324,0.0503426222
46326,0.0506624029
46329,0.0519415258
46369,0.0520024364
46370,0.0520481194
46373,0.0520785747
46442,0.0523526725
46443,0.0524897213
46445,0.052504949
46475,0.0559463987
46546,0.0559616263
46548,0.056723009
46553,0.0569666514
46555,0.0569818791
46620,0.0571341556
46623,0.0572712045
46638,0.0572864322
46639,0.0587939698
46647,0.0590832953
46653,0.0596162631
46668,0.0596771737
46739,0.0609258413
46741,0.0609867519
46743,0.0610476626
46744,0.0610628902
46914,0.0610781179
46955,0.0611238008
46970,0.0611694838
46980,0.0611847114
46984,0.061245622
46985,0.061291305
46986,0.0613065327
46991,0.0613674433
46992,0.0614131262
46993,0.0614435815
46994,0.0615197198
46995,0.0625704279
47010,0.0629968022
47037,0.0630120298
47108,0.0637277296
47115,0.0637429572
47227,0.0637734125
47228,0.0637886402
47231,0.0638038678
47234,0.063971372
47328,0.0639865997
47337,0.0640779656
47338,0.0640931932
47367,0.0641236485
47384,0.0642302421
47396,0.0642454698
47449,0.064321608
47575,0.0643368357
47581,0.0643520633
47583,0.064412974
47585,0.0644891122
47593,0.0645043399
47595,0.0645195675
47597,0.0645347952
47603,0.0646109335
47604,0.0646261611
47713,0.0646413888
47714,0.0646566164
47715,0.0669103091
47716,0.0695751485
47772,0.0695903761
47777,0.0697883356
47779,0.0698492462
47780,0.0703213035
47781,0.0703365311
47789,0.0703517588
47794,0.0710674585
47869,0.0710979138
47939,0.0711283691
47991,0.0711435968
48028,0.0713567839
48074,0.0717527029
48080,0.0723922644
48081,0.072407492
48082,0.0730165981
48089,0.0730927364
48125,0.0731079641
48126,0.0731231917
48168,0.0731688747
48169,0.0732297853
48222,0.0732602406
48224,0.0735343384
48249,0.073595249
48255,0.0736409319
48258,0.0737170702
48261,0.0740673062
48302,0.075529161
48347,0.0755443886
48360,0.0756052992
48362,0.0756357545
48420,0.0756509822
48426,0.0757880311
48437,0.0758184864
48469,0.0758641693
48473,0.076625552
48481,0.0771585199
48483,0.0771737475
48531,0.0780721791
48543,0.0781330897
48590,0.0781483173
48614,0.078163545
48622,0.0781940003
48635,0.078209228
48734,0.0786203746
48742,0.0787421958
48745,0.0788031064
48748,0.0804172377
48767,0.080797929
48768,0.0819552307
48771,0.0821531902
48792,0.0821684178
48796,0.0836150449
48800,0.0836302726
48803,0.0842546064
48804,0.0843002893
48805,0.0843611999
48809,0.0848637125
48873,0.0848789402
48925,0.0849246231
48928,0.0849398508
48929,0.0855946399
48932,0.0856098675
48937,0.0861428354
48950,0.086158063
48952,0.0861732907
48956,0.0863103396
48973,0.086599665
48974,0.0871021776
49008,0.0871174052
49048,0.0871326329
49049,0.0871478605
49050,0.087391503
49051,0.0874067306
49074,0.0874371859
49115,0.0875590072
49123,0.087741739
49127,0.0899040658
49128,0.0900867976
49135,0.0912593269
49181,0.0912745546
49185,0.0912897822
49186,0.0913202376
49189,0.0913506929
49194,0.0913811482
49196,0.0914116035
49198,0.0914877417
49221,0.09156388
49224,0.0915791077
49228,0.0937262068
49252,0.0937566621
49254,0.0937871174
49257,0.0939241663
49259,0.0939850769
49260,0.0957210294
49275,0.0965128674
49372,0.096528095
49373,0.0965433227
49374,0.0965585503
49383,0.0966651439
49385,0.0966803716
49389,0.0967108269
49390,0.0975788031
49391,0.0976092584
49437,0.0997868129
49444,0.100243642
49445,0.101324806
49471,0.101340034
49515,0.101355261
49517,0.101873001
49518,0.101964367
49519,0.10201005
49524,0.10220801
49529,0.102299376
49534,0.102329831
49535,0.102451652
49542,0.10246688
49604,0.102497335
49605,0.103989645
49612,0.104004873
49618,0.104035328
49686,0.104050556
49689,0.104065783
49690,0.104111466
49697,0.104370337
49702,0.104385564
49703,0.106349931
49718,0.106395614
49741,0.106410842
49872,0.10642607
49929,0.109821836
49953,0.109837064
50012,0.109913202
50057,0.11012639
50072,0.111968936
50122,0.11213644
50135,0.112151667
50199,0.112243033
50207,0.113248058
50208,0.113324197
50209,0.113872392
50221,0.114329222
50237,0.11434445
50239,0.116034719
50241,0.116247906
50242,0.116263134
50243,0.116293589
50269,0.116324044
50275,0.116369727
50276,0.116430638
50277,0.116461093
50283,0.116567687
50297,0.118044769
50298,0.118349322
50301,0.122856708
50302,0.122871935
50303,0.122887163
50311,0.122917618
50320,0.123054667
50325,0.12310035
50336,0.123115578
50397,0.124044465
50415,0.127744785
50509,0.127760012
50525,0.127912289
50526,0.127957972
50527,0.128262525
50538,0.129587331
50561,0.131582153
50566,0.131947617
50567,0.132267398
50572,0.132282625
50574,0.133120146
50583,0.133135374
50592,0.134962692
50625,0.13497792
50630,0.135008375
50712,0.135023603
50739,0.135054058
50740,0.135510888
50741,0.138023451
50749,0.138053906
50750,0.138084361
50751,0.138114817
50755,0.138160499
50756,0.138175727
50757,0.138282321
50761,0.138297548
50790,0.138312776
50793,0.138343231
50797,0.138449825
50798,0.138465053
50801,0.13848028
50810,0.138602101
50811,0.138876199
50849,0.138891427
50851,0.138906654
50878,0.138921882
50881,0.13893711
50882,0.138952337
50883,0.138967565
50920,0.13899802
50929,0.139180752
50931,0.139363484
50933,0.139393939
50938,0.139439622
50939,0.13945485
50940,0.140398965
50942,0.140962388
50946,0.140977615
50949,0.14321608
50951,0.143383585
50952,0.143444495
50953,0.143505406
50958,0.144860667
50969,0.146215928
50974,0.146261611
50982,0.146429115
50983,0.147220953
50984,0.148545759
50985,0.149474646
51019,0.149505101
51020,0.149535557
51024,0.149809654
51026,0.149824882
51030,0.150921273
51031,0.150951728
51032,0.152048119
51033,0.15210903
51034,0.152763819
51035,0.152809502
51036,0.152916096
51037,0.153098827
51038,0.153114055
51039,0.153235876
51060,0.153281559
51063,0.153327242
51068,0.153403381
51095,0.155078422
51097,0.155733212
51100,0.155763667
51132,0.156190041
51145,0.156768692
51146,0.158306685
51154,0.161763362
51155,0.165631186
51156,0.16651439
51158,0.166529618
51166,0.166575301
51171,0.167001675
51220,0.167016903
51226,0.167077813
51227,0.167473732
51230,0.167519415
51269,0.1694381
51283,0.17099132
51310,0.17319933
51333,0.173214558
51358,0.173245013
51371,0.173290696
51378,0.173762753
51379,0.173838891
51381,0.173854119
51385,0.173869347
51386,0.175544389
51428,0.175574844
51431,0.176290544
51433,0.177204203
51435,0.178361504
51442,0.17845287
51449,0.178483326
51457,0.178498553
51469,0.178513781
51480,0.178574692
51496,0.178620375
51499,0.178635602
51530,0.178848789
51531,0.18481803
51536,0.186447388
51553,0.186462616
51578,0.186797624
51581,0.187361048
51585,0.187376275
51586,0.188701081
51587,0.188716309
51588,0.188853358
51594,0.190117253
51597,0.190208619
51620,0.190254302
51621,0.19033044
51649,0.190345668
51654,0.190360895
51663,0.190376123
51720,0.192523222
51749,0.197807218
51751,0.197822446
51754,0.200883204
51769,0.202390742
51772,0.202421197
51773,0.202436425
51774,0.202908482
51776,0.203152124
51777,0.203167352
51791,0.203197807
51824,0.203213035
51825,0.20499467
51838,0.205009898
51845,0.205314451
51846,0.205360134
51847,0.205375362
51852,0.205573321
51878,0.205588549
51879,0.205603776
51891,0.206289021
51893,0.206304249
51894,0.206319476
51927,0.206334704
51954,0.206395614
52011,0.214694686
52012,0.217542257
52095,0.217755444
52118,0.217770672
52124,0.217831582
52162,0.222141008
52164,0.223176489
52165,0.223191716
52198,0.223374448
52230,0.223404903
52280,0.223587635
52291,0.223785595
52311,0.223800822
52312,0.223831278
52313,0.226054515
52391,0.226069743
52395,0.22608497
52404,0.22699863
52409,0.227074768
52422,0.227105223
52426,0.227120451
52431,0.228886859
52506,0.228932541
52513,0.228962997
52608,0.229023907
52619,0.229663469
52625,0.229678697
52650,0.229693924
52658,0.232160804
52682,0.232282625
52719,0.232297853
52721,0.233257195
52722,0.233409472
52723,0.240018273
52724,0.251058322
52725,0.25107355
52726,0.251088777
52751,0.251180143
52786,0.251408558
52874,0.251423786
52943,0.251484696
52944,0.251530379
53007,0.256890513
53012,0.257149383
53014,0.257164611
53018,0.257240749
53049,0.257255977
53081,0.257271205
53084,0.257286432
53085,0.25736257
53089,0.257377798
53092,0.257393026
53094,0.257408253
53163,0.260682199
53169,0.260712654
53170,0.260727882
53173,0.260743109
53199,0.262067915
53234,0.262372468
53250,0.262677021
53261,0.262768387
53275,0.265905284
53306,0.266057561
53309,0.267641236
53311,0.267686919
53314,0.269285823
53316,0.269316278
53328,0.271006548
53373,0.271021776
53375,0.271037003
53376,0.271067459
53377,0.271082686
53378,0.271113141
53380,0.271128369
53434,0.271143597
53448,0.27118928
53532,0.271204507
53540,0.272635907
53541,0.27319933
53542,0.273214558
53543,0.273793208
53544,0.273884574
53545,0.273945485
53549,0.27397594
53551,0.275650982
53552,0.276336227
53554,0.27638191
53585,0.276397137
53606,0.277386935
53612,0.279412213
53616,0.27942744
53622,0.279549261
53623,0.279579717
53642,0.279610172
53661,0.2796254
53669,0.281209076
53731,0.281224303
53815,0.284696208
53819,0.284757119
53870,0.284894168
53874,0.285442363
53875,0.286005787
53897,0.286051469
53904,0.286066697
53921,0.286081925
53928,0.28611238
53929,0.286158063
53932,0.286173291
53935,0.286203746
53941,0.287635145
53945,0.287680828
53946,0.28780265
53985,0.287833105
53987,0.28786356
54001,0.28883813
54048,0.288944724
54066,0.288975179
54067,0.288990407
54079,0.289081772
54084,0.28961474
54096,0.290650221
54106,0.290741587
54122,0.292462312
54123,0.292568905
54140,0.292584133
54179,0.292675499
54181,0.292705954
54194,0.293543475
54198,0.293558703
54205,0.293756662
54237,0.29409167
54238,0.295416476
54245,0.295462159
54324,0.295477387
54336,0.295492615
54343,0.296147404
54347,0.296162631
54367,0.296193087
54376,0.297365616
54380,0.297380844
54457,0.297411299
54463,0.297426527
54471,0.29753312
54474,0.297609258
54480,0.297624486
54527,0.29773108
54537,0.300167504
54584,0.300197959
54656,0.301964367
54657,0.303380539
54658,0.31116187
54659,0.311801431
54660,0.312105984
54661,0.312182123
54674,0.314009441
54678,0.314024669
54687,0.314039896
54706,0.317785899
54781,0.317816354
54793,0.317877265
54795,0.318334095
54798,0.31862342
54801,0.318638648
54810,0.318653875
54811,0.320070047
54820,0.320100503
54841,0.320268007
54842,0.320283234
54843,0.32031369
54852,0.320359373
54872,0.320389828
54887,0.320405056
54888,0.320618243
54890,0.321699406
54891,0.322978529
54916,0.323420131
54927,0.325019035
54931,0.325095173
54938,0.3251104
54952,0.326252474
54957,0.326496117
54958,0.326526572
54960,0.3265418
54962,0.326739759
54966,0.326876808
54967,0.328171159
54970,0.328186386
54978,0.328323435
55014,0.328460484
55039,0.328521395
55054,0.329252322
55058,0.331749657
55060,0.331780113
55063,0.331810568
55064,0.331901934
55065,0.332236942
55069,0.33225217
55070,0.332358764
55073,0.334049033
55075,0.334399269
55083,0.334749505
55084,0.337383889
55085,0.337627532
55094,0.337642759
55099,0.337901629
55119,0.340414192
55127,0.340703518
55128,0.340733973
55139,0.340749201
55144,0.340764428
55147,0.343368357
55160,0.343566316
55174,0.343581544
55182,0.345530684
55193,0.345789554
55225,0.345804781
55237,0.349017816
55238,0.351256281
55245,0.351286737
55246,0.351317192
55274,0.35133242
55301,0.351362875
55314,0.351378103
55327,0.35139333
55330,0.351789249
55346,0.35185016
55353,0.351880615
55354,0.351911071
55369,0.352078575
55380,0.352124258
55384,0.354164763
55408,0.354179991
55411,0.35463682
55420,0.355474341
55431,0.355657073
55458,0.356190041
55459,0.356205269
55469,0.356235724
55477,0.357956449
55478,0.358108725
55506,0.359479214
55511,0.359494442
55516,0.35950967
55520,0.359540125
55524,0.359616263
55526,0.359631491
55528,0.359661946
55529,0.359677174
55531,0.359692401
55533,0.359798995
55534,0.360073093
55535,0.360134003
55538,0.360179686
55597,0.360194914
55599,0.360331963
55641,0.36034719
55688,0.360697427
55689,0.361276077
55690,0.361291305
55691,0.361306533
55693,0.361428354
55694,0.361474037
55696,0.361504492
55697,0.361534947
55698,0.36158063
55709,0.361595858
55710,0.361900411
55741,0.361915639
55743,0.362007005
55744,0.362022232
55751,0.362067915
55788,0.362083143
55811,0.362098371
55818,0.362113598
55826,0.362220192
55838,0.36223542
55840,0.362265875
55855,0.366331658
55872,0.366346886
55873,0.367626009
55888,0.367641236
55890,0.367823968
55892,0.367991473
55894,0.368021928
55913,0.368037155
55927,0.368189432
55932,0.368250343
55936,0.368296026
55939,0.368311253
55942,0.369118319
55974,0.371295873
56001,0.371311101
56039,0.371341556
56048,0.371387239
56061,0.371402467
56072,0.371417695
56095,0.371889752
56122,0.372011573
56124,0.372072484
56125,0.372102939
56128,0.372118167
56130,0.372696817
56135,0.372833866
56137,0.373062281
56146,0.373077509
56147,0.373092736
56148,0.373138419
56149,0.373153647
56151,0.373168875
56156,0.373184102
56161,0.37319933
56163,0.374417542
56171,0.374600274
56195,0.374798234
56196,0.374828689
56206,0.374843917
56214,0.374859144
56215,0.374904827
56216,0.375026648
56236,0.375041876
56237,0.375087559
56270,0.375102787
56273,0.375118014
56308,0.37520938
56381,0.375239836
56457,0.375270291
56486,0.375285519
56489,0.375361657
56520,0.37592508
56527,0.376823511
56529,0.376884422
56562,0.37689965
56598,0.376975788
56619,0.376991016
56626,0.377097609
56627,0.377143292
56640,0.378376732
56677,0.378559464
56690,0.378605147
56734,0.378681285
56739,0.378696513
56743,0.378711741
56761,0.378726968
56766,0.378742196
56788,0.379960408
56801,0.379990863
56802,0.380006091
56804,0.380051774
56805,0.380127912
56871,0.38014314
56873,0.382046597
56874,0.382061824
56875,0.38209228
56877,0.382107507
56878,0.382122735
56880,0.382457743
56881,0.382472971
56890,0.382488199
56915,0.382518654
56935,0.382549109
56939,0.382716613
56944,0.382747069
56983,0.382777524
56986,0.382792752
56993,0.382807979
57018,0.383417085
57070,0.3836455
57085,0.383767321
57139,0.387756967
57164,0.388244252
57169,0.390010659
57207,0.390741587
57265,0.390756814
57275,0.391624791
57293,0.391807522
57378,0.39182275
57379,0.391868433
57380,0.391990254
57387,0.392005482
57388,0.39202071
57404,0.392035937
57416,0.392172986
57417,0.392188214
57420,0.392249124
57422,0.399406122
57423,0.399467032
57425,0.399512715
57426,0.41213644
57428,0.415075377
57429,0.420968479
57430,0.420998934
57440,0.421166438
57527,0.421181666
57528,0.421196894
57530,0.421212121
57547,0.421257804
57560,0.421273032
57561,0.421318715
57567,0.423267854
57569,0.427196589
57572,0.427211817
57574,0.428353891
57575,0.428384346
57576,0.428399574
57577,0.428430029
57580,0.428445257
57586,0.42849094
57588,0.428521395
57594,0.428643216
57596,0.428658444
57626,0.428719354
57638,0.428734582
57683,0.428932541
57689,0.429556875
57691,0.429587331
57692,0.432891731
57695,0.432937414
57700,0.43322674
57702,0.433257195
57703,0.433272423
57707,0.433409472
57726,0.433424699
57727,0.433470382
57728,0.43348561
57729,0.433500838
57759,0.433531293
57760,0.433683569
57763,0.433957667
57784,0.433972895
57789,0.435114969
57841,0.435130196
57843,0.435145424
57844,0.435160652
57845,0.436226587
57847,0.439272118
57848,0.439515761
57858,0.439530988
57861,0.439546216
57875,0.439607127
57881,0.442424242
57882,0.442865844
57885,0.442881072
57886,0.442941983
57903,0.44295721
57917,0.443002893
57919,0.443063804
57922,0.443079032
57926,0.443094259
57927,0.443292219
57944,0.443322674
57949,0.445043399
57951,0.445073854
57955,0.445134765
57968,0.445180448
58044,0.445317497
58046,0.445332724
58047,0.44536318
58048,0.445439318
58050,0.445454545
58051,0.445469773
58053,0.445485001
58058,0.446764124
58065,0.449718288
58069,0.449733516
58073,0.449748744
58077,0.449824882
58084,0.449870565
58088,0.451088777
58093,0.454789097
58130,0.454804325
58137,0.454880463
58157,0.455596163
58159,0.457164611
58166,0.457332115
58169,0.459174661
58181,0.459189889
58185,0.459220344
58221,0.459235572
58256,0.459296482
58260,0.459403076
58271,0.460423329
58273,0.460575605
58323,0.460590833
58337,0.461291305
58357,0.461306533
58360,0.46132176
58367,0.461397899
58372,0.461428354
58381,0.461474037
58387,0.46229633
58411,0.462311558
58412,0.462326785
58413,0.4639866
58416,0.464001827
58420,0.464017055
58421,0.46404751
58424,0.464550023
58429,0.464961169
58467,0.464976397
58468,0.464991625
58469,0.465524593
58473,0.465585503
58477,0.465600731
58488,0.465676869
58493,0.466758033
58499,0.467656464
58500,0.468098066
58504,0.468113294
58506,0.468128521
58508,0.468158977
58522,0.46820466
58532,0.468372164
58539,0.468402619
58541,0.46969697
58546,0.470077661
58550,0.470184255
58552,0.470199482
58554,0.470229938
58560,0.470245165
58561,0.470260393
58562,0.470275621
58582,0.470290848
58583,0.470306076
58585,0.470793361
58586,0.470915182
58588,0.472179077
58589,0.473290696
58590,0.473930257
58609,0.473945485
58613,0.474843917
58614,0.477782854
58615,0.480006091
58644,0.480021319
58665,0.480934978
58702,0.480950206
58713,0.480965433
58714,0.481681133
58715,0.481742044
58718,0.482198873
58731,0.484985534
58737,0.485015989
58740,0.485031217
58743,0.485153038
58744,0.485244404
58745,0.485701233
58770,0.487010812
58774,0.487071722
58775,0.487102178
58777,0.487117405
58780,0.487193543
58793,0.487223999
58799,0.487361048
58800,0.487437186
58817,0.487741739
58819,0.487878788
58845,0.487909243
58864,0.490269529
58893,0.490406578
58900,0.490558855
58915,0.49084818
58954,0.490863408
58982,0.490985229
58998,0.491015684
59005,0.491167961
59006,0.491213644
59009,0.491228872
59011,0.491244099
59028,0.491853205
59100,0.491868433
59175,0.492310035
59182,0.492507995
59195,0.492721182
59196,0.493010507
59203,0.493040962
59211,0.493071418
59212,0.493117101
59213,0.495446932
59217,0.495462159
59218,0.495538298
59220,0.495629663
59222,0.495690574
59223,0.495705802
59226,0.495766712
59240,0.49578194
59268,0.495827623
59273,0.495979899
59275,0.496071265
59281,0.496086493
59288,0.496269225
59289,0.497182884
59324,0.497198112
59336,0.497609258
59361,0.498705649
59362,0.49876656
59374,0.498781788
59389,0.498812243
59390,0.499421349
59402,0.499847723
59413,0.501735952
59414,0.501933912
59427,0.501964367
59452,0.502116644
59455,0.50272575
59459,0.502740978
59461,0.502756205
59462,0.504553068
59492,0.504583524
59493,0.504598751
59507,0.504644434
59515,0.504705345
59525,0.504781483
59527,0.504796711
59566,0.504948987
59577,0.505177402
59578,0.50519263
59586,0.505223085
59587,0.505238313
59589,0.50525354
59590,0.505268768
59592,0.505299223
59593,0.507004721
59597,0.507019948
59600,0.508131567
59601,0.508451348
59604,0.509486828
59606,0.509502056
59607,0.509517283
59620,0.510887772
59649,0.51317192
59650,0.513187148
59686,0.513293741
59692,0.513476473
59693,0.513491701
59694,0.513506929
59696,0.513537384
59707,0.513552612
59716,0.513567839
59717,0.513583067
59733,0.513674433
59736,0.515212426
59744,0.515227653
59758,0.515258109
59759,0.515288564
59761,0.515319019
59772,0.51537993
59775,0.515486524
59814,0.517100655
59815,0.517344297
59822,0.517374753
59824,0.517405208
59827,0.518151363
59846,0.518166591
59867,0.518212273
59868,0.518227501
59884,0.518745241
59885,0.519521852
59900,0.519658901
59901,0.521181666
59903,0.523481042
59907,0.523496269
59928,0.523511497
59932,0.523541952
59934,0.523587635
59935,0.523602863
59972,0.526907264
59978,0.527135678
59979,0.527607736
59992,0.527805695
60000,0.53004416
60001,0.530059388
60003,0.530074616
60058,0.531064413
60070,0.531110096
60076,0.531125324
60081,0.531810568
60087,0.531917162
60140,0.535998173
60149,0.53893711
60152,0.541251713
60165,0.541799909
60168,0.541815136
60173,0.543276991
60184,0.543307446
60194,0.544967261
60199,0.544982488
60224,0.545012944
60227,0.545028171
60250,0.545043399
60270,0.545576367
60281,0.545606822
60285,0.545637277
60289,0.545652505
60290,0.546078879
60292,0.546413888
60295,0.546444343
60314,0.551758794
60343,0.551865388
60346,0.551895843
60392,0.551911071
60407,0.551926298
60408,0.551941526
60411,0.552002436
60414,0.552017664
60415,0.552185168
60465,0.552215624
60481,0.554225674
60506,0.555245927
60507,0.555337293
60522,0.55535252
60540,0.555824577
60548,0.556753464
60576,0.556768692
60583,0.55678392
60586,0.55684483
60599,0.556920968
60624,0.557012334
60666,0.559387848
60674,0.559403076
60676,0.559418304
60682,0.559448759
60697,0.559494442
60718,0.55950967
60722,0.559524897
60724,0.560316735
60751,0.560331963
60752,0.56034719
60755,0.560362418
60774,0.560392873
60795,0.561032435
60797,0.561108573
60811,0.562509517
60813,0.57093041
60837,0.570960865
60847,0.570976093
60871,0.57099132
60881,0.571539516
60944,0.571767931
60951,0.571798386
60968,0.61667428
60969,0.616689508
60970,0.616704736
60973,0.616719963
60976,0.616780874
60977,0.616796102
60978,0.616933151
60979,0.617192021
60983,0.617222476
60985,0.617237704
61056,0.617252931
61061,0.617268159
61062,0.617344297
61065,0.624059692
61080,0.62407492
61081,0.624105375
61082,0.624470839
61083,0.624546977
61127,0.62459266
61226,0.624638343
61241,0.624653571
61249,0.624744937
61268,0.62479062
61275,0.624821075
61284,0.624958124
61317,0.625064718
61398,0.625079945
61435,0.625354043
61440,0.625369271
61470,0.625430181
61471,0.625475864
61472,0.625521547
61506,0.625536775
61514,0.625597685
61515,0.625643368
61532,0.625856556
61556,0.625887011
61590,0.625932694
61616,0.625993604
61621,0.626252474
61681,0.626267702
61688,0.626374296
61691,0.626480889
61696,0.626557028
61697,0.626633166
61698,0.626785442
61699,0.627013857
61748,0.627150906
61749,0.627166134
61750,0.628780265
61827,0.62881072
61854,0.629739607
61869,0.631490787
61872,0.635861124
61936,0.636592051
61977,0.636622506
61998,0.636637734
61999,0.636652962
62001,0.636668189
62017,0.636698645
62022,0.636713872
62025,0.636744328
62084,0.637292523
62148,0.637307751
62149,0.637520938
62150,0.639546216
62187,0.639576671
62195,0.639622354
62197,0.63965281
62234,0.639668037
62244,0.63971372
62343,0.639728948
62346,0.639744175
62347,0.639865997
62383,0.640246688
62384,0.640261916
62386,0.640338054
62387,0.640505558
62392,0.640520786
62398,0.640566469
62399,0.640581696
62429,0.642744023
62468,0.642820161
62576,0.643505406
62603,0.643916552
62685,0.644282016
62701,0.646337749
62704,0.646413888
62719,0.648058474
62794,0.648104157
62798,0.648134612
62802,0.648165068
62813,0.648180295
62832,0.649291914
62850,0.649322369
62993,0.649337597
63068,0.649474646
63072,0.649489874
63073,0.649505101
63093,0.649535557
63095,0.64958124
63097,0.649596467
63099,0.649611695
63102,0.649657378
63110,0.649672605
63125,0.649916248
63127,0.65061672
63128,0.650738541
63133,0.651408558
63171,0.651423786
63174,0.651499924
63177,0.651515152
63180,0.651530379
63184,0.651606517
63190,0.651697883
63198,0.651774022
63207,0.651819705
63231,0.651865388
63235,0.653540429
63284,0.653692706
63295,0.653707934
63338,0.655443886
63358,0.655459114
63382,0.655489569
63386,0.655565707
63414,0.655580935
63431,0.657484392
63435,0.657545302
63442,0.657728034
63450,0.657743262
63452,0.657804172
63454,0.660529922
63458,0.66054515
63460,0.660560378
63469,0.660590833
63470,0.660606061
63481,0.660621288
63483,0.661108573
63496,0.661123801
63508,0.661809045
63517,0.661839501
63561,0.663179534
63567,0.663225217
63568,0.663240445
63570,0.663255672
63572,0.6632709
63573,0.663316583
63574,0.663331811
63595,0.664900259
63597,0.664961169
63601,0.665189584
63603,0.665326633
63635,0.666910309
63636,0.666986447
63637,0.668158977
63657,0.668189432
63658,0.668707172
63679,0.6687224
63681,0.669301051
63682,0.669346734
63691,0.66949901
63696,0.669742653
63712,0.66975788
63715,0.669773108
63763,0.669834019
63764,0.670001523
63765,0.670138572
63767,0.671432922
63782,0.67144815
63813,0.672468403
63888,0.672651134
63889,0.674295721
63890,0.674524136
63904,0.674585046
63931,0.674600274
63942,0.674615502
63957,0.674722095
63972,0.674737323
63974,0.674828689
63976,0.674843917
63979,0.675102787
63982,0.67514847
63984,0.675239836
63990,0.675270291
63992,0.675392112
64034,0.67540734
64035,0.676123039
64038,0.676260088
64049,0.677067154
64050,0.677996041
64102,0.678041724
64123,0.678056951
64136,0.679975636
64158,0.679990863
64176,0.680036546
64190,0.681072027
64235,0.681087254
64306,0.682031369
64314,0.682625247
64390,0.68286889
64391,0.683097305
64393,0.683828232
64394,0.68410233
64500,0.684117557
64503,0.684132785
64543,0.68631034
64625,0.686401705
64633,0.687711284
64678,0.687741739
64694,0.687878788
64741,0.687894016
64742,0.687924471
64747,0.688137658
64755,0.688152886
64757,0.688183341
64758,0.688213796
64766,0.688350845
64784,0.6883813
64836,0.690010659
64901,0.690817725
64912,0.690909091
64940,0.690970002
64944,0.691030912
64947,0.69104614
64948,0.692172986
64950,0.692310035
64951,0.693604386
65026,0.694106898
65029,0.694137353
65031,0.694304858
65036,0.694380996
65037,0.695416476
65044,0.695431704
65061,0.695462159
65062,0.69629968
65066,0.697152429
65067,0.697167656
65072,0.697198112
65095,0.69727425
65096,0.697380844
65104,0.697396071
65116,0.697426527
65128,0.697441754
65129,0.697456982
65150,0.69747221
65177,0.697502665
65179,0.69753312
65181,0.698873154
65185,0.69902543
65189,0.699055885
65192,0.699588853
65193,0.699604081
65280,0.699619309
65296,0.699634536
65304,0.699649764
65308,0.699664992
65309,0.699695447
65323,0.699710675
65333,0.699725902
65353,0.69974113
65364,0.699969545
65365,0.700106594
65373,0.700746155
65399,0.700761383
65400,0.70077661
65404,0.703030303
65405,0.70318258
65411,0.703197807
65413,0.703213035
65464,0.703228263
65525,0.704431247
65526,0.704507385
65557,0.704522613
65561,0.704583524
65562,0.704598751
65573,0.704964215
65574,0.705862647
65575,0.707964063
65592,0.707994518
65607,0.708009746
65616,0.708024973
65618,0.708131567
65621,0.708162022
65625,0.70817725
65626,0.708192478
65644,0.710430943
65647,0.710598447
65648,0.710628902
65651,0.710948683
65669,0.71096391
65670,0.710994366
65677,0.711040049
65688,0.711055276
65690,0.711070504
65698,0.711131415
65702,0.71116187
65705,0.711633927
65706,0.71265418
65710,0.712669408
65712,0.712684635
65714,0.712699863
65715,0.712715091
65717,0.712730318
65718,0.712745546
65719,0.712760774
65720,0.712776001
65721,0.712791229
65722,0.712806457
65726,0.714374905
65727,0.714892645
65730,0.714907873
65731,0.7149231
65739,0.714938328
65740,0.714953556
65741,0.714999239
65742,0.715014466
65743,0.715029694
65744,0.715044922
65745,0.715105832
65747,0.715166743
65748,0.715851987
65749,0.719049794
65750,0.719217299
65751,0.719476169
65752,0.719491396
65753,0.71959799
65758,0.719628445
65763,0.719643673
65790,0.719674128
65792,0.719689356
65793,0.719719811
65795,0.719735039
65796,0.719765494
65800,0.719780722
65808,0.72134917
65817,0.721364398
65819,0.721379625
65820,0.72381605
65821,0.723922644
65823,0.723998782
65829,0.724318563
65838,0.724379473
65874,0.724394701
65879,0.724440384
65927,0.728460484
65928,0.728521395
65929,0.728567078
65945,0.728597533
65972,0.728932541
65975,0.728993452
65988,0.731978072
65991,0.736500685
65992,0.738434597
66025,0.738449825
66038,0.738465053
66098,0.743901325
66109,0.743916552
66133,0.744144967
66134,0.744495203
66135,0.745545911
66140,0.745561139
66145,0.745637277
66146,0.745667733
66147,0.745850464
66170,0.747160043
66186,0.74717527
66193,0.747220953
66221,0.747251409
66233,0.747281864
66234,0.747297092
66235,0.747327547
66236,0.748956906
66308,0.749413735
66353,0.749428963
66365,0.749444191
66369,0.749459418
66372,0.75009898
66375,0.750190346
66383,0.750205573
66385,0.7537993
66404,0.753829755
66411,0.764001827
66418,0.764017055
66464,0.764108421
66469,0.764138876
66473,0.76430638
66474,0.764458657
66477,0.764824121
66526,0.765707325
66617,0.768828993
66646,0.769026953
66672,0.769377189
66673,0.770823816
66674,0.771021776
66676,0.771097914
66677,0.77118928
66681,0.771204507
66690,0.771219735
66692,0.771311101
66693,0.771326329
66697,0.771372012
66701,0.771859296
66716,0.771874524
66759,0.771950662
66783,0.772148622
66784,0.772179077
66787,0.772194305
66789,0.772361809
66802,0.772879549
66805,0.774630729
66873,0.774783006
66879,0.775011421
66931,0.775026648
66943,0.775072331
66945,0.775392112
66969,0.77540734
67023,0.775422567
67025,0.776153495
67031,0.776290544
67082,0.776305771
67087,0.776625552
67095,0.77664078
67097,0.776656007
67124,0.776930105
67130,0.77696056
67139,0.777554439
67144,0.777843764
67153,0.777889447
67155,0.777904675
67166,0.777919903
67227,0.779457896
67244,0.78261002
67245,0.782625247
67250,0.782945028
67255,0.782960256
67256,0.782975483
67257,0.783021166
67280,0.783097305
67298,0.783340947
67299,0.783630273
67358,0.783660728
67360,0.783675956
67363,0.783706411
67462,0.783721638
67479,0.783736866
67486,0.783782549
67532,0.784467794
67575,0.784696208
67580,0.784772347
67582,0.785899193
67635,0.787421958
67650,0.787437186
67691,0.787452414
67701,0.787467641
67702,0.787482869
67704,0.788518349
67712,0.790391351
67722,0.790406578
67723,0.792766865
67726,0.792782092
67730,0.792827775
67732,0.792843003
67752,0.792873458
67795,0.792919141
67812,0.794441907
67822,0.794457134
67934,0.794578955
67943,0.794639866
67965,0.794670321
67978,0.79474646
67998,0.794913964
68032,0.796786965
68051,0.796893559
68052,0.797456982
68086,0.797487437
68087,0.797517892
68134,0.797548348
68157,0.798949292
68169,0.79902543
68194,0.799086341
68250,0.799116796
68251,0.799360439
68351,0.799588853
68352,0.800639561
68437,0.800670017
68438,0.800685244
68454,0.803380539
68457,0.803974418
68510,0.803989645
68551,0.804324654
68554,0.804446475
68556,0.804644434
68622,0.804659662
68633,0.804720573
68711,0.805497183
68825,0.805847419
68830,0.805893102
68911,0.80590833
68915,0.805938785
68919,0.806974265
68920,0.806989493
68929,0.807035176
68938,0.807050404
68945,0.807065631
68950,0.807080859
68966,0.807492005
69082,0.80765951
69211,0.807689965
69288,0.807811786
69290,0.807827014
69291,0.807857469
69292,0.808222933
69294,0.809106137
69324,0.809121364
69331,0.809182275
69354,0.809197503
69414,0.809243186
69416,0.809273641
69418,0.809319324
69423,0.809334552
69484,0.809380235
69634,0.809425917
69718,0.8094716
69761,0.810141617
69832,0.810202528
69886,0.810263438
69930,0.811649155
69931,0.811831887
70025,0.811862342
70142,0.81187757
70393,0.812166895
70439,0.81219735
70485,0.813126237
70521,0.813202376
70591,0.813400335
70593,0.813978986
70708,0.81440536
70709,0.814557637
70711,0.815349475
70836,0.8156388
70844,0.815654028
70908,0.815669255
71023,0.815730166
71024,0.815760621
71025,0.81589767
71027,0.815943353
71029,0.815958581
71030,0.817252931
71118,0.817420436
71119,0.817450891
71120,0.817466118
71122,0.818790924
71140,0.818806152
71389,0.818851835
71391,0.8203746
71392,0.820389828
71403,0.820465966
71518,0.820496422
71522,0.820557332
71616,0.820922796
71823,0.821075072
72044,0.821897366
72073,0.821912593
72074,0.822399878
72166,0.822415106
72216,0.823085123
72280,0.82310035
72364,0.823130806
72567,0.823176489
72569,0.823206944
72580,0.823283082
72585,0.82329831
72653,0.823663773
72770,0.823679001
73258,0.825506319
73337,0.826267702
73351,0.82628293
73475,0.826937719
73482,0.827196589
73483,0.82731841
73647,0.827760012
73650,0.827942744
73651,0.82849094
73753,0.82881072
73807,0.828978224
74174,0.829419826
74520,0.831825796
74936,0.831871479
75123,0.831886706
75125,0.831947617
75126,0.831962845
75333,0.831978072
75354,0.832023755
75770,0.832038983
76020,0.833272423
76248,0.83328765
76250,0.833318106
76399,0.834536318
76756,0.834612456
76757,0.834627684
76854,0.834734277
76858,0.83477996
76917,0.834871326
77201,0.834886554
77202,0.834932237
77337,0.834947465
77338,0.835069286
77339,0.835084513
77343,0.835099741
77345,0.835130196
77348,0.835206335
77351,0.837094564
77353,0.837125019
77365,0.837155474
77374,0.83718593
77412,0.837460027
77414,0.837627532
77546,0.837642759
77549,0.838160499
77724,0.838190955
77939,0.838251865
78000,0.838267093
78167,0.838358459
78168,0.839272118
78256,0.839515761
78258,0.839805086
78259,0.839850769
78261,0.839926907
78262,0.840048728
78362,0.840079184
78408,0.840094411
78417,0.840140094
78568,0.840155322
78613,0.84017055
78614,0.840185777
78615,0.840459875
78616,0.840475103
78744,0.84049033
78835,0.840596924
78837,0.841541039
78848,0.841556266
79069,0.841571494
79071,0.841632404
79222,0.84166286
79291,0.841693315
79540,0.841708543
79552,0.84172377
79566,0.842089234
79585,0.842165372
79589,0.842226283
79605,0.842241511
80169,0.844327699
80171,0.845104309
80200,0.845134765
80208,0.845347952
80241,0.845378407
80533,0.845393635
80881,0.845454545
80882,0.845485001
80883,0.845500228
80884,0.845926603
80885,0.846520481
80887,0.846535709
80998,0.846748896
81017,0.847342774
81283,0.847358002
81601,0.847525506
81831,0.847693011
81926,0.847708238
81927,0.84938328
81962,0.850708086
82050,0.850723314
82055,0.850738541
82070,0.850753769
82402,0.851378103
82416,0.851439013
82422,0.851484696
82424,0.851530379
82426,0.851971981
82594,0.852139485
82599,0.852169941
82601,0.852200396
82602,0.852215624
82603,0.852672453
83107,0.852687681
83244,0.852733364
83349,0.852748591
83464,0.852900868
83466,0.852916096
83467,0.852931323
83469,0.852946551
83576,0.852992234
83821,0.853007462
83831,0.853022689
83833,0.853997259
83983,0.855230699
84014,0.855245927
84243,0.855276382
84510,0.85529161
84512,0.856494594
84514,0.857195066
84517,0.857225522
84518,0.857240749
84572,0.857286432
84967,0.85730166
85201,0.857316887
85450,0.857332115
85615,0.857347343
85623,0.857393026
85709,0.85905284
85837,0.860453784
85838,0.860469012
86105,0.860484239
86322,0.860514695
86338,0.860575605
86762,0.860606061
86792,0.86080402
86957,0.860864931
86967,0.860895386
87146,0.860910614
87148,0.862387696
87150,0.864839348
87151,0.864885031
87235,0.866879854
87331,0.866895081
87332,0.866925537
87443,0.866955992
87448,0.86697122
87449,0.867153952
87453,0.867214862
87455,0.867321456
87457,0.868448302
87559,0.86846353
87563,0.868478757
87566,0.868661489
87569,0.868768083
87570,0.869879702
87584,0.869894929
87586,0.871295873
87695,0.871798386
87696,0.871813614
87792,0.871874524
87912,0.871996345
88970,0.872011573
88978,0.872026801
88984,0.872042028
89125,0.872849094
89374,0.872864322
89443,0.874585046
89567,0.874615502
89568,0.874980965
98353,0.87520938
98453,0.875255063
98793,0.875300746
98801,0.875833714
98971,0.875879397
99318,0.877143292
100192,0.881300442
101361,0.881315669
101393,0.881483173
101473,0.881498401
103020,0.882960256
104511,0.88312776
104533,0.883142988
104969,0.883188671
105973,0.884391655
105976,0.884543932
105984,0.884696208
106244,0.886066697
106259,0.886158063
106309,0.886203746
106336,0.886340795
106378,0.889097
106392,0.889112228
106439,0.889888838
106459,0.889919293
106507,0.889980204
106508,0.890010659
106510,0.890056342
106515,0.89007157
106671,0.890497944
106698,0.8905284
106709,0.890985229
106773,0.891000457
106848,0.891396376
106866,0.891411603
106979,0.891442059
106990,0.891472514
107101,0.891487742
107207,0.891502969
107211,0.891518197
107224,0.891533425
107226,0.891579108
107268,0.891655246
107545,0.891837978
107572,0.891853205
107609,0.891868433
107629,0.891929344
107776,0.891944571
107817,0.893710979
107866,0.893726207
107890,0.893741434
108017,0.893756662
108019,0.893787117
108020,0.893802345
108021,0.8938328
108043,0.893848028
108044,0.893863256
108052,0.893985077
108167,0.894076443
108208,0.895918989
108210,0.895934217
108274,0.895949444
108426,0.896984925
108475,0.897045835
108505,0.898020405
108611,0.89805086
108612,0.898142226
108616,0.898157454
108618,0.898218365
108623,0.89824882
108647,0.898279275
108648,0.898324958
108995,0.898340186
109072,0.89850769
109123,0.899604081
109414,0.900106594
109551,0.900152277
109785,0.900167504
109800,0.900197959
110131,0.900319781
110233,0.900335008
110306,0.900350236
110417,0.900380691
110455,0.900395919
110556,0.900563423
110557,0.90149231
110558,0.901583676
110559,0.901644587
110563,0.901735952
110565,0.902086189
110570,0.902101416
110577,0.903334856
110708,0.904948987
110824,0.904979443
110837,0.90642607
111182,0.907065631
111513,0.907248363
111528,0.907263591
111532,0.907294046
111753,0.907309274
111987,0.907354957
112776,0.908816811
112777,0.908847267
112783,0.908969088
112828,0.910095934
112851,0.91012639
112916,0.910141617
113163,0.910172072
113175,0.910400487
113395,0.913461246
113539,0.913491701
113590,0.913506929
113591,0.914070352
113607,0.914085579
113771,0.914329222
113782,0.914359677
114177,0.914588092
114179,0.914725141
114180,0.914740369
114190,0.914755596
114192,0.914816507
114193,0.915623572
114356,0.916126085
114525,0.916171768
114527,0.916186996
114530,0.916217451
114985,0.919628445
115132,0.920511649
115134,0.920542104
115140,0.92063347
115145,0.920679153
115152,0.920724836
115564,0.920877113
115582,0.920953251
115586,0.921014162
115606,0.923465814
115626,0.923587635
115653,0.92576519
115917,0.925780417
115944,0.925795645
116165,0.925810873
116230,0.9258261
116232,0.92751637
116240,0.927531597
116260,0.927562053
116267,0.927592508
116464,0.927638191
116471,0.927653419
116557,0.927668646
116558,0.927699102
116689,0.927714329
116879,0.927866606
116883,0.927897061
116884,0.928003655
116887,0.929633014
117001,0.929663469
117237,0.930059388
117905,0.930165981
117906,0.930348713
117977,0.930363941
118361,0.930424852
118362,0.931247145
118363,0.931429877
118364,0.931445104
118477,0.93153647
118482,0.933257195
118582,0.933272423
118586,0.933439927
118587,0.933516065
118588,0.933637886
118633,0.933653114
118672,0.934064261
118673,0.935252018
118882,0.935328156
118909,0.935343384
118917,0.938632557
118931,0.941266941
118968,0.941282168
118970,0.941586721
119139,0.942530836
119142,0.942546064
119143,0.942561291
119154,0.944464748
119187,0.944556114
119371,0.944601797
119372,0.944632252
119373,0.944723618
119375,0.945256586
119436,0.946946855
119455,0.948439166
119472,0.948454393
119541,0.948758946
119542,0.948895995
119552,0.94984011
119594,0.951499924
119596,0.955017512
119597,0.955139333
119601,0.955154561
119604,0.956662098
119678,0.956677326
119679,0.956707781
119699,0.956738237
119709,0.956753464
119725,0.956768692
119753,0.958519872
119827,0.960362418
119829,0.960682199
119919,0.960697427
119959,0.961961322
119962,0.961991777
119964,0.962022232
119967,0.962083143
119969,0.962189737
119972,0.962220192
119974,0.965067763
119975,0.965189584
119979,0.965235267
119982,0.965250495
119983,0.968143749
119987,0.971082686
119989,0.971174052
119992,0.971234963
119994,0.971295873
119996,0.971752703
120069,0.97546825
120088,0.97592508
120213,0.977386935
120236,0.97741739
120274,0.977432618
120416,0.977447845
120426,0.977478301
120623,0.977508756
120627,0.977523984
120829,0.977554439
120830,0.977569667
121019,0.977600122
121106,0.97787422
121107,0.981650678
121111,0.981681133
121211,0.981696361
121221,0.981726816
121226,0.981787727
121279,0.981802954
121344,0.983234354
121368,0.986386478
121378,0.989751789
121432,0.991579108
121434,0.99234049
121478,0.99331506
121479,0.993330288
121483,0.993375971
121484,0.993391198
121569,0.993406426
121654,0.9945485
121810,0.994563728
121865,0.994624638
121922,0.999725902
130427,0.99974113
131341,0.999756358
131395,0.999802041
131396,0.999817268
131397,0.999832496
131402,0.999847723
131410,0.999862951
131412,0.999878179
131415,0.999893406
131446,0.999908634
131474,0.999923862
131479,0.999939089
131506,0.999954317
131529,0.999969545
131554,0.999984772
131667,1